%Step Alpha Beta   x     y      z       NF1     Dist 
r060004=[
[7.26 -3.94 -1.75 149.27 171.30 108.68 40.966568  120 ],
[5.00 -8.88 -3.66 148.99 171.35 107.69 40.866570  120 ],
[5.00 -12.84 -4.94 148.65 171.47 106.71 40.666573  122 ],
[5.00 -16.00 -6.21 148.37 171.61 105.73 40.566574  119 ],
[5.00 -18.53 -6.85 148.07 171.79 104.77 40.366577  115 ],
[5.00 -23.42 -6.85 147.81 171.95 103.81 40.266579  112 ],
[5.00 -27.33 -6.85 147.66 172.13 102.84 40.133251  108 ],
[5.00 -33.32 -6.85 147.49 172.32 101.87 33.799995  103 ],
[5.00 -40.98 -6.85 147.35 172.55 100.91 33.599998  98 ],
[5.00 -44.24 -6.21 147.24 172.82 99.94 33.500000  94 ],
[5.00 -46.85 -5.57 147.14 172.97 98.96 29.100018  87 ],
[5.00 -51.81 -4.94 147.03 173.12 97.98 29.000017  84 ],
[5.00 -33.81 -2.30 146.94 173.27 96.99 33.000008  82 ],
[5.00 -32.77 -1.71 146.86 173.03 95.94 28.200016  77 ],
[5.00 -18.58 0.29 146.75 173.11 94.95 32.700012  74 ],
[5.00 -17.73 0.76 146.84 173.03 93.91 32.500015  72 ],
[5.00 -10.36 3.15 146.81 173.09 92.91 32.300018  70 ],
[5.00 -11.16 2.09 147.20 173.05 91.86 27.600014  64 ],
[5.00 -5.10 3.52 146.95 173.18 90.89 27.400013  65 ],
[5.00 -2.17 4.95 147.22 173.24 89.87 26.966679  70 ],
[5.00 0.17 6.38 147.54 173.30 88.88 26.600012  72 ],
[5.00 -1.36 7.34 147.91 173.28 87.90 26.400011  75 ],
[5.00 0.82 7.82 148.26 173.37 86.94 26.200010  78 ],
[5.00 0.71 8.29 148.56 173.41 85.98 26.000010  82 ],
[5.00 0.36 8.29 148.89 173.43 85.03 25.800009  84 ],
[5.00 -0.75 8.29 149.17 173.44 84.08 25.600008  88 ],
[5.00 -0.60 7.34 149.48 173.55 83.14 25.500008  93 ],
[5.00 -0.48 6.38 149.61 173.62 82.15 25.200006  94 ],
[5.00 -0.38 5.91 149.74 173.69 81.16 25.100006  96 ],
[5.00 -0.31 5.43 149.95 173.74 80.19 24.900005  98 ],
[5.00 -0.24 4.95 150.17 173.80 79.22 24.800005  100 ],
[5.00 -0.20 4.95 150.39 173.85 78.25 24.500004  105 ],
[5.00 -0.16 4.95 150.71 173.89 77.30 22.966694  105 ],
[5.00 -0.13 4.95 151.05 173.92 76.37 22.666693  104 ],
[5.00 -0.10 4.95 151.40 173.95 75.43 22.600023  104 ],
[5.00 -0.08 4.95 151.76 173.98 74.50 22.266691  105 ],
[5.00 -0.06 4.95 152.14 174.01 73.58 22.133356  101 ],
[5.00 -0.05 4.95 152.54 174.04 72.67 21.866690  98 ],
[5.00 -0.04 4.95 152.95 174.06 71.76 21.666689  93 ],
[5.00 -0.03 4.95 153.38 174.08 70.86 21.433353  90 ],
[5.00 -0.03 5.43 153.82 174.10 69.96 21.266687  86 ],
[5.00 -0.02 5.43 154.36 174.10 69.12 21.066687  85 ],
[5.00 -0.02 5.43 154.85 174.11 68.25 20.766685  82 ],
[5.00 -0.01 5.43 155.34 174.11 67.38 20.566685  82 ],
[5.00 -0.01 5.43 155.86 174.12 66.53 20.466684  82 ],
[5.00 -0.01 5.43 156.39 174.12 65.69 20.166683  82 ],
[5.00 -0.01 5.43 156.93 174.12 64.85 19.966682  84 ],
[5.00 -0.01 5.43 157.49 174.11 64.03 19.766682  84 ],
[5.00 -0.00 5.43 158.07 174.11 63.21 19.633347  83 ],
[5.00 -0.00 5.43 158.65 174.10 62.41 19.333345  82 ],
[5.00 -0.00 5.43 159.26 174.09 61.61 19.166679  84 ],
[5.00 -0.00 4.95 159.87 174.07 60.83 18.966679  84 ],
[5.00 -0.00 5.43 160.42 174.07 60.00 18.766678  84 ],
[5.00 -0.00 6.38 161.13 174.04 59.29 18.566677  82 ],
[5.00 -0.00 4.26 161.95 173.99 58.67 18.266676  84 ],
[5.00 -0.00 2.64 162.30 174.02 57.66 18.066675  84 ],
[5.00 -0.00 2.16 162.68 174.06 56.69 17.866674  84 ],
[5.00 -0.00 2.16 163.22 174.06 55.85 17.666674  84 ],
[5.00 -0.00 2.64 163.83 174.04 55.06 17.466673  85 ],
[5.00 -0.00 3.12 164.53 174.01 54.34 17.266672  85 ],
[5.00 -0.00 4.07 165.25 173.98 53.64 16.966671  86 ],
[5.00 -0.00 5.03 166.06 173.93 53.02 13.266679  86 ],
[5.00 -2.86 6.46 166.90 173.87 52.44 12.566680  87 ],
[5.00 -5.16 7.89 167.83 173.71 51.96 12.466680  87 ],
[5.00 -6.99 9.32 168.78 173.53 51.55 12.000012  87 ],
[5.00 -8.46 10.28 169.75 173.31 51.21 11.900012  89 ],
[5.00 -9.63 11.23 170.68 173.09 50.85 11.666677  89 ],
[5.00 -10.57 12.19 171.63 172.84 50.56 11.466677  91 ],
[5.00 -11.32 13.14 172.60 172.58 50.33 11.366676  93 ],
[5.00 -11.92 13.62 173.57 172.30 50.17 11.066675  94 ],
[5.00 -12.40 14.10 174.51 172.02 50.00 10.966675  97 ],
[5.00 -12.79 14.58 175.45 171.73 49.88 10.866674  97 ],
[5.00 -13.09 14.58 176.40 171.43 49.83 10.566673  97 ],
[5.00 -13.34 14.58 177.33 171.14 49.74 10.466673  95 ],
[5.00 -13.54 14.58 178.26 170.84 49.69 10.266672  97 ],
[5.00 -13.69 14.10 179.19 170.53 49.69 10.066671  98 ],
[5.00 -16.68 13.62 180.11 170.24 49.64 9.900004  97 ],
[5.00 -19.08 13.14 180.99 169.80 49.58 9.700004  94 ],
[5.00 -20.99 13.14 181.87 169.37 49.54 9.566669  96 ],
[5.00 -22.52 13.14 182.74 168.91 49.63 9.366669  95 ],
[5.00 -23.75 13.14 183.59 168.44 49.75 9.066668  94 ],
[5.00 -24.73 13.14 184.44 167.96 49.92 9.000001  92 ],
[5.00 -25.51 13.14 185.27 167.48 50.12 8.733334  90 ],
[5.00 -26.14 13.14 186.08 166.99 50.36 8.633332  89 ],
[5.00 -26.64 13.14 186.88 166.48 50.63 8.299998  89 ],
[5.00 -27.04 13.62 187.66 165.97 50.94 8.266664  86 ],
[5.00 -24.50 13.62 188.36 165.41 51.38 7.833332  82 ],
[5.00 -22.46 13.62 189.13 165.00 51.84 7.333333  79 ],
[5.00 -20.84 13.62 189.88 164.58 52.33 7.166667  74 ],
[2.50 -18.23 13.62 190.59 164.15 52.85 6.666667  74 ],
[5.00 -12.67 13.62 191.30 163.78 53.43 5.666667  68 ],
[5.00 -8.23 13.14 192.05 163.56 54.07 5.500000  62 ],
[5.00 -6.58 12.67 192.83 163.32 54.65 4.333333  60 ],
[5.00 -5.27 12.19 193.55 162.98 55.22 3.666666  59 ],
[5.00 -7.08 11.71 194.26 162.63 55.80 2.833333  54 ],
[2.50 -4.25 11.71 194.89 162.17 56.40 1.666667  51 ],
[2.50 -2.55 11.71 195.53 161.91 57.11 1.000000  50 ],
[0.63 0.00 9.32 196.14 161.63 57.84 0.333333  53 ]]
