%Step Alpha Beta   x     y      z       NF1     Dist 
r060202a=[
[7.26 -9.86 -0.88 149.27 171.30 108.68 40.966568  120 ],
[5.00 -19.35 -2.15 149.14 171.34 107.69 40.766571  120 ],
[5.00 -29.80 -3.42 148.94 171.47 106.69 40.566574  122 ],
[5.00 -35.30 -4.06 148.76 171.68 105.71 40.466576  119 ],
[5.00 -39.70 -4.70 148.64 171.85 104.72 40.266579  116 ],
[5.00 -43.22 -5.33 148.52 172.05 103.74 40.166580  114 ],
[5.00 -48.90 -5.33 148.38 172.27 102.77 33.399994  111 ],
[5.00 -53.44 -5.33 148.34 172.46 101.79 33.299995  108 ],
[5.00 -57.08 -5.33 148.29 172.65 100.81 33.099998  105 ],
[5.00 -59.99 -5.33 148.23 172.85 99.83 28.366684  101 ],
[5.00 -62.31 -5.33 148.17 173.06 98.85 28.266684  95 ],
[5.00 -64.17 -5.33 148.10 173.28 97.88 28.400017  91 ],
[5.00 -65.66 -4.70 148.02 173.50 96.91 28.300016  87 ],
[5.00 -66.85 -4.06 147.97 173.65 95.92 26.733372  84 ],
[5.00 -43.93 -1.47 147.91 173.78 94.93 27.766682  84 ],
[5.00 -27.51 0.99 147.81 173.56 93.88 27.400015  88 ],
[5.00 -18.19 2.42 148.03 173.41 92.84 27.200014  87 ],
[5.00 -12.64 2.90 148.28 173.42 91.82 27.100014  84 ],
[5.00 -8.20 3.86 148.41 173.52 90.83 26.800013  86 ],
[5.00 -4.65 4.33 148.66 173.61 89.84 26.600012  88 ],
[5.00 -3.72 4.81 148.85 173.72 88.86 26.500011  91 ],
[5.00 -2.98 5.29 149.07 173.80 87.88 24.766701  91 ],
[5.00 -8.11 4.81 149.31 173.88 86.90 24.666700  94 ],
[5.00 -9.35 4.81 149.37 173.88 85.90 24.466700  95 ],
[5.00 -10.35 4.81 149.53 173.92 84.92 24.366699  96 ],
[5.00 -11.14 4.81 149.71 173.95 83.94 24.066698  97 ],
[5.00 -17.51 4.33 149.91 173.98 82.96 23.866697  100 ],
[5.00 -25.47 3.86 149.98 173.96 81.96 25.200006  104 ],
[5.00 -10.82 2.20 150.04 173.92 80.96 23.566696  104 ],
[5.00 -17.25 2.20 149.99 174.24 79.95 23.466696  104 ],
[5.00 -6.16 1.08 150.14 174.24 78.96 23.266695  107 ],
[5.00 0.80 0.51 150.10 174.43 77.96 23.066694  107 ],
[5.00 -1.26 -0.09 150.12 174.52 76.96 23.066694  107 ],
[5.00 6.63 -0.73 150.13 174.62 75.96 22.866693  106 ],
[5.00 -1.77 -0.21 150.13 174.69 74.95 22.766693  106 ],
[5.00 -10.01 0.28 150.30 174.77 73.97 22.566692  108 ],
[5.00 -19.47 0.75 150.49 174.81 72.98 22.366692  111 ],
[5.00 -18.44 1.71 150.69 174.82 72.00 22.166691  111 ],
[5.00 -14.75 2.19 151.00 174.79 71.03 21.866690  112 ],
[5.00 -14.67 3.14 151.27 174.81 70.06 21.766689  112 ],
[5.00 -9.82 4.10 151.64 174.77 69.11 21.466688  113 ],
[5.00 -7.86 4.57 152.08 174.78 68.18 21.366688  112 ],
[5.00 -9.15 4.57 152.45 174.79 67.25 21.066687  113 ],
[5.00 -5.41 5.53 152.74 174.78 66.29 20.866686  115 ],
[5.00 -4.33 6.00 153.26 174.80 65.41 20.766685  118 ],
[5.00 -3.46 6.48 153.72 174.80 64.51 20.466684  115 ],
[5.00 -0.86 8.39 154.21 174.79 63.64 20.266684  118 ],
[5.00 1.22 9.82 155.01 174.78 62.91 19.966682  118 ],
[5.00 0.06 9.82 155.79 174.76 62.20 19.866682  116 ],
[5.00 0.05 9.82 156.36 174.74 61.39 19.666681  114 ],
[5.00 0.04 9.35 156.96 174.72 60.60 19.366680  113 ],
[5.00 0.03 9.35 157.50 174.70 59.77 19.066679  110 ],
[5.00 0.02 9.35 158.13 174.67 59.01 18.866678  107 ],
[5.00 -11.44 7.91 158.79 174.63 58.27 18.666677  101 ],
[5.00 -7.24 6.96 159.15 174.29 57.32 18.466677  97 ],
[5.00 -5.79 6.96 159.68 174.37 56.47 18.266676  96 ],
[5.00 -4.63 6.96 160.34 174.34 55.73 18.066675  91 ],
[5.00 -3.71 6.96 161.02 174.30 55.00 17.866674  90 ],
[5.00 -1.06 7.44 161.71 174.25 54.29 17.666674  90 ],
[5.00 -0.85 7.91 162.50 174.23 53.66 17.466673  89 ],
[5.00 -0.68 8.87 163.31 174.15 53.07 13.766681  88 ],
[5.00 -0.54 9.35 164.20 174.05 52.58 12.966681  87 ],
[5.00 -0.43 10.30 165.06 173.96 52.07 12.866681  84 ],
[5.00 -0.35 11.26 166.00 173.85 51.69 12.500014  84 ],
[5.00 -0.28 11.73 166.97 173.73 51.37 12.400014  84 ],
[5.00 -3.09 12.21 167.90 173.62 51.03 12.100013  85 ],
[5.00 -2.47 12.69 168.83 173.37 50.73 11.966679  85 ],
[5.00 -4.84 13.17 169.79 173.25 50.49 11.866678  87 ],
[5.00 -3.87 13.64 170.74 172.98 50.30 11.666677  87 ],
[5.00 -3.10 13.64 171.72 172.85 50.19 11.566677  86 ],
[5.00 -5.34 13.64 172.68 172.72 50.03 11.366676  88 ],
[5.00 -7.14 13.64 173.62 172.45 49.90 11.166676  87 ],
[5.00 -8.58 13.64 174.56 172.17 49.82 10.966675  91 ],
[5.00 -9.73 13.17 175.50 171.89 49.78 10.866674  91 ],
[5.00 -10.65 13.17 176.43 171.62 49.68 10.566673  92 ],
[5.00 -11.38 12.69 177.37 171.34 49.70 10.466673  93 ],
[5.00 -11.97 12.21 178.31 171.07 49.67 10.366673  94 ],
[5.00 -15.31 11.73 179.25 170.80 49.67 10.066671  97 ],
[5.00 -17.97 11.73 180.16 170.41 49.65 9.866671  94 ],
[5.00 -20.11 11.26 181.06 169.99 49.75 9.766670  95 ],
[5.00 -24.68 10.78 181.96 169.61 49.79 9.566669  98 ],
[5.00 -28.34 10.78 182.84 169.13 49.80 9.266668  98 ],
[5.00 -31.27 10.78 183.68 168.61 49.91 9.166668  96 ],
[5.00 -33.61 10.78 184.52 168.10 50.06 9.000001  94 ],
[5.00 -35.48 10.78 185.35 167.57 50.23 8.733334  92 ],
[5.00 -36.98 10.78 186.16 167.04 50.42 8.466666  91 ],
[5.00 -38.18 10.78 186.95 166.50 50.65 8.299998  90 ],
[5.00 -36.27 11.26 187.73 165.94 50.90 8.266664  86 ],
[5.00 -34.75 11.26 188.47 165.41 51.33 7.766665  86 ],
[5.00 -33.53 10.30 189.22 164.91 51.72 7.333333  84 ],
[5.00 -29.69 10.78 190.07 164.47 51.98 7.166667  80 ],
[5.00 -26.61 11.26 190.78 164.00 52.53 6.666667  77 ],
[5.00 -19.38 12.21 191.46 163.54 53.11 6.000000  71 ],
[5.00 -13.60 12.21 192.11 163.24 53.90 5.000000  64 ],
[5.00 -8.97 11.73 192.85 162.98 54.54 4.333333  61 ],
[5.00 -5.26 11.73 193.63 162.70 55.11 3.666666  57 ],
[5.00 -4.21 11.26 194.33 162.42 55.76 2.833333  54 ],
[5.00 -3.37 10.78 195.02 162.04 56.35 2.000000  49 ],
[2.50 -2.02 10.78 195.70 161.66 56.95 1.000000  51 ],
[1.25 -11.86 8.87 196.32 161.33 57.64 0.666667  48 ]]
