%Step Alpha Beta   x     y      z       NF1     Dist 
r100000=[
[7.26 6.57 0.99 149.27 171.30 108.68 40.866570  116 ],
[5.00 12.90 2.42 149.48 171.31 107.69 40.666573  114 ],
[5.00 19.87 3.37 149.81 171.42 106.70 40.366577  116 ],
[5.00 23.53 4.33 150.06 171.62 105.73 40.166580  113 ],
[5.00 28.38 4.81 150.32 171.84 104.76 39.966583  112 ],
[5.00 32.25 5.28 150.49 172.09 103.79 33.199997  108 ],
[5.00 35.35 5.28 150.67 172.37 102.83 33.000000  106 ],
[5.00 13.96 3.09 150.78 172.59 101.87 39.466591  109 ],
[5.00 -3.16 1.38 150.86 172.09 100.81 39.266594  111 ],
[5.00 -13.99 -0.43 150.69 171.95 99.77 39.166595  111 ],
[5.00 -25.51 -1.71 150.47 172.07 98.75 39.066597  111 ],
[5.00 -34.73 -2.34 150.37 172.25 97.75 32.300011  110 ],
[5.00 -42.11 -2.98 150.37 172.43 96.76 32.200012  110 ],
[5.00 -45.15 -3.62 150.38 172.65 95.77 32.000015  109 ],
[5.00 -50.44 -3.62 150.36 172.86 94.79 31.800020  107 ],
[5.00 -54.68 -3.62 150.42 173.04 93.81 27.100014  109 ],
[5.00 -58.07 -3.62 150.48 173.22 92.83 26.900013  108 ],
[5.00 -46.45 -3.62 150.53 173.40 91.84 26.800013  105 ],
[5.00 -51.49 -3.62 150.44 173.51 90.85 26.600012  108 ],
[5.00 -55.51 -2.98 150.48 173.72 89.87 25.066702  107 ],
[5.00 -58.73 -2.35 150.57 173.83 88.88 24.866701  107 ],
[5.00 -61.31 -1.76 150.64 173.94 87.88 24.666700  105 ],
[5.00 -41.41 -1.76 150.70 174.03 86.89 24.566700  107 ],
[5.00 -47.45 -1.19 150.64 174.14 85.89 24.366699  106 ],
[5.00 -52.29 -0.66 150.72 174.25 84.90 24.166698  106 ],
[5.00 -56.15 -0.14 150.79 174.34 83.90 23.966698  105 ],
[5.00 -59.25 0.34 150.86 174.42 82.91 23.766697  103 ],
[5.00 -61.72 0.82 150.93 174.46 81.90 23.666697  99 ],
[5.00 -60.84 1.29 151.00 174.49 80.90 23.466696  99 ],
[5.00 -60.13 1.77 151.08 174.50 79.90 23.366695  100 ],
[5.00 -56.70 2.25 151.16 174.49 78.90 23.166695  98 ],
[5.00 -51.09 2.73 151.29 174.47 77.90 23.000025  95 ],
[5.00 -49.46 2.73 151.45 174.45 76.91 22.833359  91 ],
[5.00 -35.75 4.16 151.56 174.48 75.91 22.566692  86 ],
[5.00 -37.20 4.16 151.99 174.38 74.95 22.433357  84 ],
[5.00 -32.62 4.64 152.13 174.35 73.96 22.166691  82 ],
[5.00 -28.96 5.11 152.42 174.32 73.00 21.966690  81 ],
[5.00 -21.26 5.59 152.74 174.27 72.04 21.766689  78 ],
[5.00 -15.10 6.07 153.14 174.31 71.11 21.566689  77 ],
[5.00 -14.94 6.07 153.56 174.35 70.19 21.366688  78 ],
[5.00 -10.04 7.02 153.87 174.31 69.24 21.166687  75 ],
[5.00 -6.13 7.98 154.42 174.32 68.37 20.966686  75 ],
[5.00 -4.90 7.98 155.01 174.33 67.53 20.666685  77 ],
[5.00 -3.92 7.98 155.46 174.32 66.64 20.466684  78 ],
[5.00 -3.14 7.50 155.92 174.31 65.77 20.266684  82 ],
[5.00 -2.51 6.55 156.32 174.31 64.86 20.066683  83 ],
[5.00 -2.01 6.07 156.63 174.32 63.91 19.866682  85 ],
[5.00 -1.61 5.59 157.03 174.32 62.99 19.666681  88 ],
[5.00 -1.28 5.59 157.43 174.31 62.08 19.566681  88 ],
[5.00 -1.03 5.11 157.92 174.28 61.21 19.266680  88 ],
[5.00 -0.82 5.11 158.34 174.27 60.31 19.066679  89 ],
[5.00 -0.66 5.11 158.85 174.24 59.45 18.766678  91 ],
[5.00 -0.53 6.55 159.37 174.20 58.60 18.566677  89 ],
[5.00 -0.42 5.59 160.17 174.13 57.93 18.466677  89 ],
[5.00 -0.34 5.11 160.59 174.11 57.02 18.166676  88 ],
[5.00 -0.27 5.11 161.09 174.08 56.15 17.966675  87 ],
[5.00 -0.22 5.59 161.67 174.04 55.35 17.866671  83 ],
[5.00 -0.17 6.07 162.36 173.98 54.61 17.600004  82 ],
[5.00 -3.00 6.55 163.06 173.92 53.89 17.333338  80 ],
[5.00 -5.27 7.50 163.78 173.78 53.20 13.733347  79 ],
[5.00 -7.08 8.93 164.60 173.61 52.61 12.866681  78 ],
[5.00 -8.53 9.89 165.51 173.39 52.13 12.666680  79 ],
[5.00 -9.69 10.84 166.39 173.18 51.64 12.400014  80 ],
[5.00 -7.75 11.80 167.29 172.94 51.22 12.200013  81 ],
[5.00 -9.06 12.75 168.24 172.81 50.87 11.966679  81 ],
[5.00 -10.12 13.23 169.19 172.54 50.58 11.866678  78 ],
[5.00 -8.09 13.71 170.10 172.28 50.26 11.666677  81 ],
[5.00 -6.47 14.19 171.06 172.14 50.03 11.500010  82 ],
[5.00 -8.04 14.19 172.03 172.01 49.85 11.400010  82 ],
[5.00 -6.44 14.66 172.95 171.72 49.63 11.200009  84 ],
[5.00 -5.15 14.66 173.93 171.57 49.56 11.100009  89 ],
[5.00 -6.98 14.66 174.89 171.43 49.45 10.800008  87 ],
[5.00 -8.45 14.66 175.82 171.12 49.38 10.700007  87 ],
[5.00 -9.63 14.66 176.75 170.81 49.36 10.500007  87 ],
[5.00 -10.57 14.19 177.68 170.50 49.38 10.400006  89 ],
[5.00 -11.32 13.71 178.61 170.21 49.35 10.100005  86 ],
[5.00 -14.78 13.23 179.54 169.91 49.34 10.000005  85 ],
[5.00 -17.56 13.23 180.42 169.48 49.34 9.800004  85 ],
[5.00 -19.77 13.23 181.30 169.04 49.46 9.633336  82 ],
[5.00 -21.55 12.75 182.17 168.59 49.61 9.366669  82 ],
[5.00 -22.97 12.28 183.05 168.17 49.71 9.166668  84 ],
[5.00 -26.97 11.80 183.92 167.76 49.84 9.033334  80 ],
[5.00 -27.31 12.28 184.76 167.22 49.93 8.833334  80 ],
[5.00 -27.57 11.80 185.56 166.75 50.28 8.566667  80 ],
[5.00 -27.79 11.80 186.41 166.32 50.51 8.466665  79 ],
[5.00 -27.96 12.28 187.22 165.85 50.84 8.266665  79 ],
[5.00 -28.10 12.28 187.95 165.35 51.28 7.766665  77 ],
[5.00 -25.34 12.75 188.71 164.86 51.69 7.499999  73 ],
[5.00 -23.14 12.75 189.42 164.46 52.27 7.166667  74 ],
[5.00 -21.38 12.75 190.16 164.07 52.81 7.000000  71 ],
[5.00 -19.97 12.28 190.86 163.68 53.37 6.000000  71 ],
[5.00 -14.06 12.75 191.60 163.28 53.88 5.333333  68 ],
[5.00 -9.34 12.28 192.29 163.09 54.62 4.333333  64 ],
[5.00 -5.56 11.80 193.06 162.88 55.23 3.666666  63 ],
[5.00 -7.31 10.84 193.81 162.64 55.83 2.833333  60 ],
[5.00 -5.85 10.37 194.52 162.19 56.35 2.000000  54 ],
[2.50 0.31 10.37 195.21 161.87 56.97 1.500000  55 ],
[1.25 5.39 8.46 195.76 161.39 57.65 0.333333  53 ]]
