r604b=[[7.26 5.26 0.99 149.27 171.30 108.68 40.866570 116],
[5.00 11.85 2.42 149.48 171.31 107.69 40.666573 114],
[5.00 17.12 3.85 149.82 171.41 106.70 40.366577 116],
[5.00 21.33 4.81 150.18 171.60 105.74 40.166580 113],
[5.00 26.62 5.28 150.46 171.83 104.78 39.866585 112],
[5.00 30.84 5.76 150.65 172.10 103.81 33.199997 108],
[5.00 34.22 5.76 150.84 172.40 102.86 33.000000 105],
[5.00 36.93 5.76 150.96 172.64 101.90 32.900002 103],
[5.00 23.81 2.96 151.10 172.89 100.94 32.700005 107],
[5.00 16.19 -0.02 151.09 172.47 99.86 39.066597 108],
[5.00 22.50 0.93 150.73 172.26 98.78 32.400009 107],
[5.00 27.55 1.41 150.94 172.49 97.82 32.200012 106],
[5.00 31.59 2.36 151.09 172.70 96.84 32.100014 105],
[5.00 32.91 2.36 151.26 173.02 95.89 27.800005 102],
[5.00 14.87 1.25 151.37 173.18 94.91 32.233330 105],
[5.00 6.16 -0.58 151.54 173.05 93.89 32.033333 109],
[5.00 -0.80 -1.85 151.40 172.95 92.86 31.400026 109],
[5.00 -6.37 -3.12 151.30 172.99 91.84 31.300028 107],
[5.00 -10.82 -3.76 151.15 173.05 90.83 31.100027 109],
[5.00 -14.39 -3.76 151.06 173.15 89.84 26.300011 111],
[5.00 -17.24 -3.76 151.06 173.27 88.84 26.200010 111],
[5.00 -19.52 -3.76 151.04 173.38 87.85 26.000010 109],
[5.00 -15.62 -3.76 151.02 173.49 86.86 25.900009 112],
[5.00 -15.36 -3.76 150.99 173.54 85.86 25.700008 112],
[5.00 -15.15 -3.76 150.95 173.62 84.86 25.500008 111],
[5.00 -14.99 -3.12 150.90 173.70 83.87 25.400007 110],
[5.00 -14.85 -3.12 150.94 173.79 82.87 23.766697 108],
[5.00 -14.75 -2.49 150.89 173.87 81.88 23.666697 106],
[5.00 -14.66 -1.89 150.93 173.96 80.88 23.466696 104],
[5.00 -14.60 -1.32 150.98 174.05 79.88 23.366695 102],
[5.00 -17.41 -0.30 151.03 174.14 78.89 23.166695 100],
[5.00 -19.65 0.67 151.16 174.23 77.89 22.966694 98],
[5.00 -21.45 1.15 151.35 174.31 76.89 22.833359 94],
[5.00 -22.89 2.11 151.48 174.39 75.90 22.566692 90],
[5.00 -24.04 2.58 151.74 174.44 74.91 22.466692 87],
[5.00 -24.96 3.54 151.92 174.50 73.93 22.166691 82],
[5.00 -25.70 4.49 152.23 174.54 72.95 22.066690 81],
[5.00 -26.29 5.45 152.59 174.56 71.99 21.766689 78],
[5.00 -26.76 5.93 152.98 174.58 71.05 21.566689 78],
[5.00 -27.14 6.88 153.33 174.60 70.11 21.366688 76],
[5.00 -27.44 7.84 153.80 174.59 69.20 21.166687 76],
[5.00 -27.68 8.31 154.32 174.58 68.32 20.866686 78],
[5.00 -27.88 8.79 154.80 174.57 67.43 20.666685 79],
[5.00 -28.03 9.27 155.31 174.55 66.57 20.466684 80],
[5.00 -28.15 9.27 155.86 174.52 65.73 20.266684 82],
[5.00 -22.52 9.75 156.35 174.50 64.87 20.166683 86],
[5.00 -23.75 9.75 156.99 174.67 64.10 19.866682 87],
[5.00 -24.73 9.75 157.56 174.63 63.28 19.666681 88],
[5.00 -25.51 9.75 158.14 174.59 62.49 19.366680 90],
[5.00 -26.14 9.75 158.75 174.54 61.71 19.166679 87],
[5.00 -26.64 9.75 159.39 174.49 60.95 18.966679 90],
[5.00 -21.31 9.75 160.05 174.44 60.22 18.766678 94],
[5.00 -22.78 9.75 160.76 174.60 59.52 18.566677 92],
[5.00 -14.40 7.21 161.47 174.53 58.83 18.466677 102],
[5.00 -9.61 5.15 161.80 174.80 57.81 18.266676 101],
[5.00 -5.78 4.19 162.14 174.90 56.81 18.066675 96],
[5.00 -10.35 4.19 162.63 174.97 55.93 17.866674 95],
[5.00 -14.01 4.19 163.29 174.93 55.17 17.666674 94],
[5.00 -19.80 5.15 163.95 174.91 54.42 17.533339 92],
[5.00 -27.30 6.10 164.77 174.82 53.81 17.066671 93],
[5.00 -30.44 7.06 165.61 174.64 53.23 13.466680 93],
[5.00 -35.81 8.01 166.47 174.49 52.69 12.833347 91],
[5.00 -40.11 9.44 167.32 174.22 52.17 12.466680 91],
[5.00 -40.68 10.40 168.24 173.88 51.77 12.200013 91],
[5.00 -41.14 10.88 169.16 173.64 51.39 12.000012 92],
[5.00 -41.50 11.83 170.05 173.41 50.99 11.800012 92],
[5.00 -41.80 12.31 170.99 173.12 50.72 11.666677 89],
[5.00 -42.03 13.26 171.91 172.84 50.42 11.466677 91],
[5.00 -42.22 13.74 172.86 172.51 50.28 11.266676 94],
[5.00 -42.37 14.22 173.79 172.19 50.11 11.066675 91],
[5.00 -42.49 14.22 174.72 171.85 50.00 10.966675 92],
[5.00 -42.59 14.22 175.63 171.53 49.86 10.666674 93],
[5.00 -42.66 14.22 176.55 171.19 49.76 10.566673 96],
[5.00 -42.73 14.22 177.46 170.85 49.70 10.366673 91],
[5.00 -42.77 14.22 178.37 170.48 49.69 10.233338 90],
[5.00 -42.81 13.74 179.27 170.11 49.73 9.966671 94],
[5.00 -42.85 13.26 180.18 169.76 49.71 9.766670 93],
[5.00 -45.74 12.79 181.08 169.39 49.72 9.666670 90],
[5.00 -48.05 12.31 181.93 168.90 49.71 9.466669 92],
[5.00 -49.90 12.31 182.78 168.41 49.72 9.333335 89],
[5.00 -51.38 12.31 183.61 167.89 49.85 9.033334 87],
[5.00 -52.56 12.31 184.43 167.36 50.02 8.833334 87],
[5.00 -53.51 12.31 185.23 166.82 50.22 8.566667 84],
[5.00 -54.27 12.31 186.02 166.28 50.46 8.466665 85],
[5.00 -52.01 12.79 186.78 165.73 50.73 8.133331 81],
[5.00 -50.20 12.79 187.54 165.25 51.19 7.933331 82],
[5.00 -48.75 12.79 188.30 164.79 51.60 7.499999 79],
[5.00 -44.73 12.31 189.05 164.31 52.04 7.333333 77],
[5.00 -41.52 12.79 189.87 163.96 52.47 7.000000 76],
[5.00 -38.94 12.31 190.58 163.59 53.09 6.333333 73],
[5.00 -34.02 12.31 191.35 163.22 53.57 5.333333 71],
[5.00 -30.08 12.79 192.12 162.96 54.17 4.666666 68],
[5.00 -26.93 12.79 192.81 162.72 54.87 3.999999 65],
[5.00 -27.27 12.31 193.52 162.48 55.52 3.333333 63],
[2.50 -27.82 11.35 194.18 162.08 56.12 2.500000 63],
[2.50 -9.05 11.35 194.89 161.66 56.65 1.333333 57],
[2.50 -11.16 10.40 195.93 162.00 57.24 0.833333 58],
[1.25 -13.69 10.40 196.62 161.59 57.83 0.000000 56],
]
