r604a=[[7.26 5.26 0.99 149.27 171.30 108.68 40.866570 116],
[5.00 11.85 2.42 149.48 171.31 107.69 40.666573 114],
[5.00 17.12 3.85 149.82 171.41 106.70 40.366577 116],
[5.00 21.33 4.81 150.18 171.60 105.74 40.166580 113],
[5.00 26.62 5.28 150.46 171.83 104.78 39.866585 112],
[5.00 30.84 5.76 150.65 172.10 103.81 33.199997 108],
[5.00 34.22 5.76 150.84 172.40 102.86 33.000000 105],
[5.00 36.93 5.76 150.96 172.64 101.90 32.900002 103],
[5.00 39.09 5.76 151.10 172.89 100.94 28.600008 101],
[5.00 22.68 3.60 151.25 173.14 99.99 33.033318 104],
[5.00 27.69 3.60 151.43 172.75 98.93 32.833321 103],
[5.00 19.29 1.29 151.58 172.98 97.97 32.633324 104],
[5.00 12.57 -0.53 151.44 172.80 96.90 32.100014 103],
[5.00 7.19 -1.81 151.27 172.78 95.86 31.900019 104],
[5.00 2.89 -2.44 151.18 172.87 94.85 31.700022 105],
[5.00 -0.56 -3.08 151.15 173.00 93.85 27.000013 107],
[5.00 -3.31 -3.08 151.10 173.14 92.85 26.800013 106],
[5.00 -2.65 -3.08 151.13 173.27 91.86 26.700012 103],
[5.00 -2.12 -3.08 151.16 173.38 90.87 26.500011 104],
[5.00 -1.69 -3.08 151.17 173.48 89.88 26.400011 107],
[5.00 -1.36 -3.08 151.18 173.59 88.88 26.200010 105],
[5.00 -1.08 -3.08 151.18 173.70 87.89 26.000010 106],
[5.00 -0.87 -3.08 151.17 173.81 86.89 24.466700 108],
[5.00 -0.69 -3.08 151.16 173.92 85.90 24.266699 107],
[5.00 1.35 -3.08 151.13 174.03 84.91 24.166698 106],
[5.00 2.25 -3.08 151.10 174.13 83.91 23.966698 105],
[5.00 7.53 -3.08 151.06 174.22 82.92 23.766697 101],
[5.00 11.76 -3.08 151.02 174.26 81.92 23.666697 100],
[5.00 11.31 -2.45 150.97 174.30 80.92 23.466696 99],
[5.00 10.96 -1.85 151.01 174.41 79.93 23.366695 100],
[5.00 5.90 -0.80 151.06 174.52 78.93 23.266695 97],
[5.00 4.72 0.19 151.18 174.67 77.94 23.066694 95],
[5.00 3.78 1.15 151.34 174.77 76.94 22.933359 89],
[5.00 3.02 2.10 151.55 174.87 75.95 22.666693 84],
[5.00 -0.45 3.06 151.80 174.96 74.97 22.533358 82],
[5.00 -3.22 4.01 152.09 174.99 73.99 22.266691 80],
[5.00 -5.44 4.97 152.41 175.01 73.02 22.066690 78],
[5.00 -7.22 5.45 152.77 175.00 72.06 21.866690 76],
[5.00 -8.64 6.40 153.07 175.00 71.10 21.666689 73],
[5.00 -6.91 7.36 153.50 174.96 70.17 21.366688 73],
[5.00 -5.53 8.31 154.00 174.97 69.27 21.266687 75],
[5.00 -7.29 8.79 154.54 174.98 68.40 21.066687 75],
[5.00 -8.70 8.79 155.02 174.90 67.52 20.766685 77],
[5.00 -6.96 8.79 155.44 174.84 66.63 20.566685 78],
[5.00 -5.57 8.79 155.92 174.87 65.75 20.366684 83],
[5.00 -4.45 9.27 156.41 174.89 64.90 20.166683 85],
[5.00 -3.56 9.27 157.02 174.88 64.10 19.966682 87],
[5.00 -2.85 9.27 157.57 174.88 63.28 19.766682 91],
[5.00 -2.28 9.27 158.15 174.88 62.47 19.466681 93],
[5.00 -1.82 9.27 158.76 174.86 61.69 19.266680 95],
[5.00 -1.46 9.27 159.38 174.84 60.92 19.066679 96],
[5.00 -1.17 9.27 160.03 174.82 60.17 18.866678 99],
[5.00 -0.93 8.79 160.70 174.79 59.44 18.666677 99],
[5.00 3.07 6.19 161.32 174.77 58.67 18.466677 99],
[5.00 1.46 5.24 161.60 174.90 57.62 18.266676 101],
[5.00 1.17 4.28 162.10 174.89 56.75 18.066675 96],
[5.00 0.94 4.28 162.59 174.88 55.86 17.866674 95],
[5.00 0.75 4.76 163.22 174.85 55.09 17.666674 94],
[5.00 0.60 5.24 163.95 174.82 54.40 17.533339 92],
[5.00 0.48 5.71 164.69 174.77 53.73 17.333338 90],
[5.00 0.38 6.67 165.46 174.73 53.08 13.466680 89],
[5.00 -5.42 7.62 166.32 174.66 52.53 12.833347 90],
[5.00 -10.07 9.06 167.19 174.42 52.01 12.733347 90],
[5.00 -13.78 10.01 168.12 174.12 51.61 12.200013 89],
[5.00 -16.76 10.97 169.01 173.80 51.20 12.000012 90],
[5.00 -13.41 11.92 169.91 173.45 50.84 11.866678 87],
[5.00 -10.72 13.35 170.90 173.31 50.60 11.666677 87],
[5.00 -11.44 13.83 171.94 173.13 50.51 11.566677 87],
[5.00 -9.16 14.31 172.88 172.86 50.31 11.266676 89],
[5.00 -10.19 14.31 173.87 172.72 50.20 11.166676 87],
[5.00 -11.02 14.79 174.79 172.44 50.03 11.066675 88],
[5.00 -8.81 14.79 175.73 172.13 50.00 10.766674 89],
[5.00 -12.78 14.31 176.71 171.99 49.96 10.666674 90],
[5.00 -15.95 14.31 177.58 171.55 49.81 10.466673 91],
[5.00 -18.49 14.31 178.47 171.10 49.78 10.266672 91],
[5.00 -14.79 13.83 179.34 170.65 49.80 10.066671 92],
[5.00 -17.56 13.35 180.32 170.50 49.84 9.866671 95],
[5.00 -19.78 13.35 181.20 170.06 49.84 9.766670 94],
[5.00 -24.42 12.88 182.06 169.59 49.95 9.566669 95],
[5.00 -28.13 12.40 182.89 169.03 49.95 9.266668 97],
[5.00 -31.10 12.40 183.72 168.49 49.98 9.100001 96],
[5.00 -33.47 12.40 184.51 167.92 50.11 8.833334 94],
[5.00 -35.37 12.40 185.30 167.34 50.28 8.566667 93],
[5.00 -34.03 12.40 186.07 166.75 50.48 8.633332 91],
[5.00 -32.95 12.40 186.86 166.25 50.79 8.299998 89],
[5.00 -32.09 12.88 187.63 165.74 51.13 7.933331 87],
[5.00 -28.54 12.88 188.32 165.18 51.58 7.833332 83],
[5.00 -25.69 12.88 189.09 164.76 52.06 7.333333 79],
[5.00 -23.42 12.88 189.82 164.32 52.57 7.000000 74],
[5.00 -16.83 12.40 190.53 163.88 53.09 6.333333 71],
[2.50 -6.28 14.31 191.36 163.64 53.63 5.666667 65],
[5.00 -5.02 13.35 192.03 163.67 54.63 5.166666 60],
[5.00 -4.02 12.88 192.78 163.30 55.12 3.999999 58],
[5.00 -1.30 11.92 193.48 162.94 55.71 3.333333 52],
[2.50 -0.78 10.97 194.26 162.63 56.23 2.500000 49],
[2.50 -0.47 10.01 194.99 162.24 56.76 1.666667 50],
[2.50 -0.28 10.01 195.72 161.85 57.30 0.666667 51],
[0.63 0.00 7.62 196.34 161.51 58.00 0.333333 52],
]
