r604=[[7.26 5.26 0.99 149.27 171.30 108.68 40.866570 116],
[5.00 11.85 2.42 149.48 171.31 107.69 40.666573 114],
[5.00 17.12 3.85 149.82 171.41 106.70 40.366577 116],
[5.00 21.33 4.81 150.18 171.60 105.74 40.166580 113],
[5.00 26.62 5.28 150.46 171.83 104.78 39.866585 112],
[5.00 30.84 5.76 150.65 172.10 103.81 33.199997 108],
[5.00 34.22 5.76 150.84 172.40 102.86 33.000000 105],
[5.00 36.93 5.76 150.96 172.64 101.90 32.900002 103],
[5.00 39.09 5.76 151.10 172.89 100.94 28.600008 101],
[5.00 22.68 3.60 151.25 173.14 99.99 33.033318 104],
[5.00 27.69 3.60 151.43 172.75 98.93 32.833321 103],
[5.00 19.29 1.29 151.58 172.98 97.97 32.633324 104],
[5.00 12.57 -0.53 151.44 172.80 96.90 32.100014 103],
[5.00 7.19 -1.81 151.27 172.78 95.86 31.900019 104],
[5.00 2.89 -2.44 151.18 172.87 94.85 31.700022 105],
[5.00 -0.56 -3.08 151.15 173.00 93.85 27.000013 107],
[5.00 -3.31 -3.08 151.10 173.14 92.85 26.800013 106],
[5.00 -2.65 -3.08 151.13 173.27 91.86 26.700012 103],
[5.00 -2.12 -3.08 151.16 173.38 90.87 26.500011 104],
[5.00 -1.69 -3.08 151.17 173.48 89.88 26.400011 107],
[5.00 -1.36 -3.08 151.18 173.59 88.88 26.200010 105],
[5.00 -1.08 -3.08 151.18 173.70 87.89 26.000010 106],
[5.00 -0.87 -3.08 151.17 173.81 86.89 24.466700 108],
[5.00 -0.69 -3.08 151.16 173.92 85.90 24.266699 107],
[5.00 1.35 -3.08 151.13 174.03 84.91 24.166698 106],
[5.00 2.25 -3.08 151.10 174.13 83.91 23.966698 105],
[5.00 7.53 -3.08 151.06 174.22 82.92 23.766697 101],
[5.00 11.76 -3.08 151.02 174.26 81.92 23.666697 100],
[5.00 17.04 -3.08 150.97 174.30 80.92 23.466696 100],
[5.00 21.27 -3.08 150.93 174.32 79.92 23.366695 101],
[5.00 18.93 -1.97 150.89 174.34 78.92 23.166695 99],
[5.00 12.28 -0.44 150.98 174.50 77.93 23.066694 96],
[5.00 6.96 0.54 151.15 174.69 76.93 22.966694 94],
[5.00 2.70 1.97 151.32 174.80 75.94 22.666693 86],
[5.00 -0.70 2.93 151.65 174.87 74.95 22.566692 84],
[5.00 -3.43 3.88 151.92 174.90 73.97 22.266691 82],
[5.00 -5.61 4.84 152.23 174.92 72.99 22.166691 81],
[5.00 -7.35 5.79 152.57 174.91 72.03 21.866690 78],
[5.00 -5.88 6.74 152.96 174.87 71.08 21.666689 78],
[5.00 -4.70 7.70 153.41 174.89 70.16 21.366688 75],
[5.00 -3.76 8.65 153.90 174.90 69.27 21.266687 75],
[5.00 -5.88 8.65 154.45 174.91 68.40 20.966686 78],
[5.00 -4.70 9.13 154.84 174.85 67.49 20.766685 79],
[5.00 -3.76 9.61 155.37 174.86 66.63 20.566685 81],
[5.00 -3.01 9.61 155.93 174.86 65.80 20.466684 83],
[5.00 -2.41 10.09 156.45 174.87 64.96 20.166683 85],
[5.00 -1.93 10.09 157.07 174.86 64.18 19.966682 90],
[5.00 -1.54 10.09 157.65 174.86 63.38 19.766682 92],
[5.00 -1.23 10.09 158.26 174.85 62.59 19.566681 95],
[5.00 -0.99 10.09 158.89 174.83 61.83 19.366680 93],
[5.00 -0.79 10.09 159.54 174.81 61.09 19.066679 94],
[5.00 -0.63 9.61 160.22 174.78 60.37 18.866678 99],
[5.00 -3.37 9.61 160.85 174.76 59.61 18.566677 97],
[5.00 1.12 7.07 161.54 174.62 58.91 18.366676 98],
[5.00 -0.22 4.99 161.87 174.65 57.88 18.266676 101],
[5.00 -0.18 4.04 162.25 174.79 56.90 17.966675 97],
[5.00 -3.01 4.04 162.75 174.79 56.02 17.866674 96],
[5.00 -5.27 4.51 163.39 174.72 55.26 17.566673 95],
[5.00 -9.95 5.47 164.11 174.63 54.57 17.266672 95],
[5.00 -10.82 6.42 164.92 174.44 53.96 17.066671 93],
[5.00 -11.52 6.90 165.75 174.28 53.39 13.466680 92],
[5.00 -12.08 7.86 166.55 174.13 52.80 13.266679 93],
[5.00 -15.40 8.81 167.43 173.94 52.31 12.466680 93],
[5.00 -12.32 9.77 168.30 173.64 51.85 12.366679 91],
[5.00 -12.72 10.72 169.26 173.51 51.50 12.000012 91],
[5.00 -10.17 11.68 170.20 173.25 51.18 11.800012 89],
[5.00 -11.00 12.15 171.19 173.11 50.95 11.700011 89],
[5.00 -11.67 12.63 172.11 172.85 50.67 11.366676 90],
[5.00 -12.20 13.11 173.05 172.57 50.45 11.266676 93],
[5.00 -12.62 13.59 173.99 172.29 50.28 11.066675 94],
[5.00 -12.96 13.59 174.93 171.99 50.18 10.866674 92],
[5.00 -10.37 14.06 175.86 171.70 50.03 10.766674 94],
[5.00 -14.03 14.06 176.85 171.53 50.06 10.566673 92],
[5.00 -16.95 14.06 177.73 171.07 49.98 10.366673 93],
[5.00 -16.43 13.59 178.61 170.62 49.95 10.166672 93],
[5.00 -18.87 13.11 179.54 170.33 49.90 9.966671 95],
[5.00 -20.83 13.11 180.42 169.90 49.84 9.866671 95],
[5.00 -22.39 12.63 181.29 169.44 49.90 9.666670 91],
[5.00 -23.64 12.63 182.17 169.01 49.91 9.366669 93],
[5.00 -27.51 12.63 183.03 168.55 50.03 9.200002 92],
[5.00 -27.74 12.15 183.82 167.95 50.14 9.100001 91],
[5.00 -30.78 11.68 184.69 167.51 50.25 8.833334 90],
[5.00 -30.36 11.68 185.51 166.96 50.32 8.566667 89],
[5.00 -30.01 11.68 186.33 166.47 50.56 8.466665 87],
[5.00 -29.74 12.15 187.13 165.97 50.84 8.266665 83],
[5.00 -26.66 12.63 187.87 165.43 51.23 7.933331 84],
[5.00 -24.19 12.63 188.63 164.99 51.73 7.499999 80],
[5.00 -22.22 12.63 189.40 164.57 52.18 7.166667 80],
[5.00 -15.86 12.63 190.15 164.14 52.66 7.166667 71],
[5.00 -15.56 12.63 190.96 163.91 53.24 6.000000 69],
[5.00 -10.54 12.63 191.65 163.46 53.77 5.500000 68],
[5.00 -8.43 12.15 192.42 163.22 54.38 4.333333 62],
[5.00 -6.74 12.15 193.17 162.88 54.91 3.666666 61],
[5.00 -8.26 11.20 193.86 162.55 55.55 2.833333 57],
[5.00 -6.61 10.72 194.57 162.07 56.03 2.000000 55],
[2.50 -0.14 10.72 195.28 161.72 56.61 1.000000 57],
[1.25 -0.03 10.72 196.03 161.59 57.30 0.333333 54],
[1.25 -0.03 10.72 196.03 161.59 57.30 0.333333 54],
]
