r802=[[7.26 6.57 0.99 149.27 171.30 108.68 40.866570 116],
[5.00 12.90 2.42 149.48 171.31 107.69 40.666573 114],
[5.00 19.87 3.37 149.81 171.42 106.70 40.366577 116],
[5.00 23.53 4.33 150.06 171.62 105.73 40.166580 113],
[5.00 28.38 4.81 150.32 171.84 104.76 39.966583 112],
[5.00 32.25 5.28 150.49 172.09 103.79 33.199997 108],
[5.00 35.35 5.28 150.67 172.37 102.83 33.000000 106],
[5.00 37.83 5.28 150.78 172.59 101.87 32.900002 104],
[5.00 37.90 5.28 150.90 172.82 100.90 28.100018 102],
[5.00 16.00 3.09 151.09 173.02 99.94 32.600006 105],
[5.00 4.20 1.38 151.23 172.54 98.88 38.966599 108],
[5.00 -2.37 -0.43 151.10 172.45 97.83 32.200012 107],
[5.00 -7.62 -1.71 150.89 172.54 96.81 32.100014 107],
[5.00 -11.83 -2.34 150.78 172.68 95.80 31.900019 105],
[5.00 -15.19 -2.98 150.75 172.83 94.81 31.800020 105],
[5.00 -20.75 -2.98 150.71 172.99 93.82 27.000013 107],
[5.00 -22.33 -2.98 150.75 173.15 92.83 26.800013 106],
[5.00 -23.59 -2.98 150.77 173.29 91.84 26.700012 103],
[5.00 -24.60 -2.98 150.79 173.43 90.85 26.500011 104],
[5.00 -19.68 -2.98 150.80 173.57 89.86 26.300011 107],
[5.00 -18.61 -2.98 150.77 173.67 88.86 24.866701 104],
[5.00 -26.35 -2.35 150.76 173.80 87.87 24.566700 104],
[5.00 -35.40 -1.76 150.86 173.95 86.89 24.466700 107],
[5.00 -22.59 -1.76 150.97 174.07 85.90 24.266699 106],
[5.00 -32.40 -1.19 150.94 174.16 84.90 24.166698 105],
[5.00 -18.28 -1.83 151.04 174.28 83.91 23.966698 104],
[5.00 -28.95 -1.26 150.93 174.42 82.92 23.866697 100],
[5.00 -37.48 -0.72 151.02 174.56 81.93 23.766697 99],
[5.00 -41.44 -0.21 151.11 174.66 80.93 23.633362 97],
[5.00 -44.61 0.28 151.18 174.74 79.93 23.533361 97],
[5.00 -47.15 0.76 151.27 174.79 78.94 23.266695 95],
[5.00 -43.45 1.71 151.36 174.82 77.94 23.100025 91],
[5.00 -46.22 2.19 151.54 174.77 76.93 22.933359 87],
[5.00 -35.07 3.62 151.65 174.74 75.93 22.700024 84],
[5.00 -33.78 4.10 152.02 174.64 74.96 22.433357 82],
[5.00 -29.89 4.58 152.24 174.61 73.98 22.166691 79],
[5.00 -26.78 5.06 152.52 174.59 73.01 21.966690 78],
[5.00 -24.29 5.53 152.82 174.57 72.05 21.766689 76],
[5.00 -22.29 6.01 153.15 174.53 71.10 21.566689 76],
[5.00 -15.93 6.97 153.51 174.48 70.16 21.266687 73],
[5.00 -10.83 7.92 154.04 174.48 69.27 21.066687 74],
[5.00 -11.53 7.44 154.61 174.50 68.41 20.866686 77],
[5.00 -9.22 7.44 154.91 174.47 67.46 20.666685 78],
[5.00 -10.24 6.97 155.34 174.48 66.56 20.466684 79],
[5.00 -8.19 6.97 155.67 174.43 65.63 20.266684 83],
[5.00 -6.56 6.97 156.11 174.43 64.74 20.066683 84],
[5.00 -8.11 6.49 156.58 174.42 63.86 19.866682 85],
[5.00 -4.58 7.44 156.96 174.35 62.94 19.666681 88],
[5.00 -3.66 6.49 157.64 174.33 62.17 19.466681 88],
[5.00 -2.93 6.49 157.99 174.34 61.23 19.266680 88],
[5.00 -2.34 6.01 158.52 174.30 60.39 19.066679 88],
[5.00 0.03 6.01 158.97 174.28 59.50 18.766678 90],
[5.00 -3.71 6.97 159.51 174.19 58.67 18.566677 89],
[5.00 -2.97 5.52 160.25 174.11 57.96 18.466677 89],
[5.00 -0.46 5.04 160.60 174.11 57.00 18.166676 88],
[5.00 -0.37 5.04 161.10 174.12 56.14 17.966675 87],
[5.00 -0.30 5.52 161.69 174.07 55.33 17.766674 84],
[5.00 -0.24 6.00 162.37 174.00 54.59 17.600004 82],
[5.00 -0.19 6.48 163.07 173.93 53.88 17.333338 81],
[5.00 -3.02 7.43 163.80 173.85 53.19 13.733347 79],
[5.00 -5.28 8.86 164.62 173.68 52.60 12.866681 80],
[5.00 -7.09 9.82 165.53 173.47 52.12 12.666680 82],
[5.00 -8.53 10.77 166.41 173.25 51.64 12.400014 81],
[5.00 -6.83 11.73 167.31 173.01 51.21 12.200013 82],
[5.00 -8.33 12.68 168.26 172.88 50.86 11.966679 82],
[5.00 -9.53 13.16 169.21 172.61 50.57 11.866678 82],
[5.00 -7.62 13.64 170.12 172.34 50.25 11.666677 81],
[5.00 -6.10 14.12 171.08 172.21 50.02 11.600011 83],
[5.00 -7.74 14.59 172.05 172.07 49.84 11.300010 84],
[5.00 -6.19 14.59 173.00 171.77 49.71 11.200009 86],
[5.00 -4.96 14.59 173.96 171.64 49.56 11.100009 89],
[5.00 -6.83 15.07 174.92 171.49 49.45 10.800008 89],
[5.00 -8.33 15.07 175.86 171.17 49.48 10.700007 88],
[5.00 -9.53 15.07 176.79 170.86 49.47 10.500007 87],
[5.00 -10.49 14.59 177.72 170.55 49.51 10.300006 90],
[5.00 -11.25 14.59 178.64 170.26 49.50 10.066671 86],
[5.00 -11.87 13.64 179.56 169.95 49.62 9.966671 87],
[5.00 -15.22 13.64 180.49 169.66 49.58 9.766670 87],
[5.00 -17.91 12.68 181.37 169.21 49.72 9.566669 90],
[5.00 -20.06 12.21 182.26 168.80 49.71 9.366669 87],
[5.00 -24.64 11.73 183.15 168.39 49.81 9.166668 88],
[5.00 -28.31 11.25 184.00 167.86 49.88 9.066668 84],
[5.00 -28.37 11.25 184.85 167.36 49.97 8.833334 85],
[5.00 -31.29 11.25 185.70 166.93 50.22 8.466666 86],
[5.00 -30.76 11.25 186.49 166.38 50.45 8.299998 82],
[5.00 -30.34 11.73 187.31 165.93 50.77 8.266664 80],
[5.00 -30.00 12.21 188.06 165.44 51.20 7.766665 79],
[5.00 -26.87 12.68 188.78 164.93 51.68 7.333333 77],
[5.00 -24.36 12.68 189.50 164.53 52.26 7.166667 74],
[5.00 -22.35 12.68 190.24 164.15 52.79 6.666667 72],
[5.00 -20.75 12.68 190.96 163.76 53.35 6.000000 71],
[5.00 -14.69 13.16 191.64 163.36 53.93 5.666666 65],
[5.00 -9.84 12.68 192.32 163.17 54.69 3.999999 63],
[5.00 -7.87 12.21 193.09 162.96 55.30 3.333333 61],
[2.50 -0.90 11.25 193.80 162.66 55.91 3.166666 57],
[5.00 -3.59 10.30 194.66 162.54 56.46 2.000000 51],
[2.50 -2.15 9.34 195.35 162.07 57.00 1.333333 53],
[2.50 -7.02 8.39 196.10 161.73 57.55 0.333333 51],
]
