r604r=[[7.26 5.69 1.19 149.27 171.30 108.68 40.866570 115],
[5.00 13.92 2.57 149.53 171.31 107.69 40.666573 114],
[5.00 20.18 3.67 149.85 171.45 106.71 40.366577 116],
[5.00 24.78 4.55 150.13 171.66 105.73 40.166580 113],
[5.00 29.18 5.13 150.37 171.91 104.77 39.866585 112],
[5.00 31.72 5.83 150.56 172.17 103.81 33.199997 107],
[5.00 34.36 5.77 150.80 172.47 102.87 33.000000 105],
[5.00 36.82 5.47 150.93 172.69 101.90 32.900002 103],
[5.00 39.00 5.79 151.03 172.89 100.93 28.100018 101],
[5.00 18.99 3.87 151.21 173.19 99.99 33.033318 104],
[5.00 11.54 1.36 151.47 172.74 98.94 32.400009 105],
[5.00 5.17 -0.32 151.22 172.62 97.86 32.200012 105],
[5.00 0.10 -1.55 151.05 172.66 96.83 32.100014 103],
[5.00 -3.91 -2.88 150.96 172.78 95.82 31.900019 104],
[5.00 -4.67 -3.96 150.82 172.93 94.82 31.800020 104],
[5.00 -5.95 -4.09 150.68 173.08 93.83 27.100014 106],
[5.00 -11.84 -3.69 150.66 173.21 92.84 26.900013 104],
[5.00 -12.83 -3.84 150.73 173.37 91.85 26.800013 101],
[5.00 -13.72 -3.92 150.70 173.52 90.86 26.600012 102],
[5.00 -14.66 -3.48 150.66 173.67 89.87 26.500011 103],
[5.00 -15.32 -3.31 150.70 173.79 88.88 24.866701 103],
[5.00 -14.46 -2.75 150.70 173.93 87.89 24.666700 103],
[5.00 -9.96 -2.44 150.74 174.03 86.90 24.566700 106],
[5.00 -14.93 -1.83 150.75 174.12 85.90 24.266699 105],
[5.00 -24.25 -1.22 150.82 174.25 84.91 24.166698 104],
[5.00 -32.83 -0.55 150.91 174.38 83.92 23.966698 103],
[5.00 -39.96 -0.14 151.01 174.47 82.92 23.866697 99],
[5.00 -41.61 0.36 151.07 174.55 81.93 23.766697 99],
[5.00 -41.45 0.46 151.16 174.60 80.93 23.633362 97],
[5.00 -41.98 0.88 151.20 174.69 79.93 23.533361 97],
[5.00 -42.71 1.25 151.29 174.73 78.93 23.266695 95],
[5.00 -40.37 2.12 151.38 174.76 77.93 23.100025 91],
[5.00 -40.44 2.43 151.57 174.71 76.93 22.933359 87],
[5.00 -37.72 2.87 151.69 174.71 75.94 22.666693 85],
[5.00 -37.71 3.25 151.87 174.70 74.95 22.533358 83],
[5.00 -33.75 4.09 152.03 174.67 73.96 22.166691 81],
[5.00 -30.47 4.82 152.33 174.59 72.99 22.066690 81],
[5.00 -27.65 5.31 152.64 174.52 72.03 21.766689 78],
[5.00 -23.96 5.81 152.96 174.46 71.07 21.566689 78],
[5.00 -21.25 6.53 153.32 174.42 70.13 21.366688 75],
[5.00 -17.52 7.52 153.75 174.34 69.21 21.166687 75],
[5.00 -14.28 7.93 154.28 174.27 68.33 20.866686 77],
[5.00 -12.00 8.48 154.75 174.24 67.45 20.666685 79],
[5.00 -10.58 8.54 155.28 174.19 66.59 20.566685 81],
[5.00 -7.15 7.97 155.75 174.14 65.71 20.266684 83],
[5.00 -5.00 7.85 156.15 174.19 64.80 20.066683 85],
[5.00 -3.26 7.33 156.62 174.19 63.93 19.866682 86],
[5.00 -1.21 7.84 157.04 174.19 63.02 19.666681 90],
[5.00 -0.78 6.79 157.65 174.17 62.23 19.466681 92],
[5.00 0.03 7.08 158.01 174.16 61.29 19.266680 89],
[5.00 -0.44 6.60 158.59 174.08 60.49 19.066679 91],
[5.00 1.45 6.81 159.08 174.06 59.62 18.866678 90],
[5.00 1.43 7.26 159.69 174.05 58.83 18.666677 89],
[5.00 5.90 5.94 160.37 174.01 58.09 18.366676 89],
[5.00 7.17 4.99 160.76 174.13 57.15 18.266676 88],
[5.00 7.18 4.61 161.20 174.14 56.24 17.966675 87],
[5.00 7.16 4.75 161.73 174.11 55.40 17.766674 84],
[5.00 6.54 5.40 162.36 174.09 54.62 17.566673 84],
[5.00 4.14 6.08 163.08 174.07 53.92 17.366673 84],
[5.00 1.03 7.10 163.84 173.97 53.25 13.733347 80],
[5.00 -1.90 8.52 164.68 173.81 52.67 12.866681 81],
[5.00 -4.70 9.47 165.60 173.63 52.19 12.766681 82],
[5.00 -4.38 10.65 166.48 173.42 51.70 12.400014 82],
[5.00 -4.09 11.65 167.43 173.29 51.31 12.200013 83],
[5.00 -6.15 12.56 168.39 173.16 50.97 12.066679 85],
[5.00 -6.41 13.17 169.34 172.91 50.67 11.866678 86],
[5.00 -6.48 13.69 170.28 172.73 50.39 11.666677 85],
[5.00 -6.90 14.35 171.24 172.55 50.16 11.566677 86],
[5.00 -8.93 14.87 172.21 172.33 50.01 11.266676 88],
[5.00 -9.49 15.15 173.15 172.02 49.90 11.166676 92],
[5.00 -11.61 15.27 174.10 171.77 49.80 11.100009 93],
[5.00 -12.88 14.70 175.02 171.42 49.72 10.800008 95],
[5.00 -14.56 14.46 175.93 171.13 49.55 10.700007 91],
[5.00 -14.98 14.13 176.84 170.78 49.47 10.500007 90],
[5.00 -14.14 14.02 177.76 170.49 49.41 10.300006 94],
[5.00 -17.12 13.69 178.71 170.24 49.46 10.100005 91],
[5.00 -18.42 13.79 179.59 169.81 49.45 9.966671 87],
[5.00 -19.86 13.52 180.48 169.41 49.57 9.766670 86],
[5.00 -15.83 13.41 181.37 169.00 49.66 9.566669 92],
[5.00 -19.54 12.64 182.32 168.83 49.89 9.366669 88],
[5.00 -21.42 12.32 183.19 168.35 49.93 9.200002 89],
[5.00 -24.55 11.90 184.05 167.90 50.08 9.100001 88],
[5.00 -27.72 12.30 184.89 167.40 50.22 8.833334 84],
[5.00 -29.40 12.72 185.66 166.83 50.52 8.733333 86],
[5.00 -30.62 11.94 186.41 166.27 50.88 8.299998 82],
[5.00 -30.81 12.01 187.24 165.80 51.08 7.933331 81],
[5.00 -31.21 11.80 188.00 165.29 51.45 7.833332 79],
[5.00 -29.65 10.91 188.76 164.78 51.80 7.333333 78],
[5.00 -26.72 11.52 189.61 164.38 52.11 7.166667 76],
[5.00 -24.22 10.98 190.30 163.94 52.70 6.666667 74],
[5.00 -21.38 10.98 191.10 163.56 53.14 5.666667 71],
[5.00 -17.86 11.24 191.83 163.17 53.69 5.000000 68],
[5.00 -15.65 10.94 192.53 162.82 54.32 4.333333 66],
[5.00 -10.75 10.67 193.25 162.45 54.88 3.666666 61],
[2.50 -0.98 11.36 194.01 162.19 55.48 2.833333 60],
[5.00 -2.50 11.04 194.75 162.19 56.27 2.000000 55],
[2.50 -4.42 10.70 195.39 161.77 56.89 1.000000 57],
[1.25 -5.08 11.85 196.00 161.35 57.54 0.500000 54],
]
