r604r3=[[7.26 4.62 1.24 149.27 171.30 108.68 40.866570 115],
[5.00 11.92 2.67 149.54 171.30 107.69 40.666573 114],
[5.00 18.31 3.62 149.88 171.42 106.71 40.366577 116],
[5.00 23.77 4.20 150.14 171.61 105.73 40.166580 113],
[5.00 28.10 4.69 150.33 171.83 104.76 39.966583 109],
[5.00 30.96 5.31 150.51 172.07 103.79 39.766586 109],
[5.00 34.12 5.52 150.73 172.33 102.84 33.000000 106],
[5.00 36.37 5.75 150.88 172.59 101.88 32.900002 104],
[5.00 37.16 5.63 151.05 172.85 100.93 28.100018 102],
[5.00 20.48 3.15 151.22 173.06 99.97 33.033318 105],
[5.00 13.26 0.74 151.30 172.62 98.89 32.400009 107],
[5.00 6.99 -1.51 151.05 172.50 97.83 32.200012 107],
[5.00 1.73 -2.47 150.78 172.54 96.80 32.200012 107],
[5.00 -1.79 -3.30 150.70 172.66 95.79 32.000015 105],
[5.00 -6.34 -3.62 150.61 172.80 94.80 31.800020 105],
[5.00 -9.27 -4.31 150.57 172.95 93.81 27.100014 107],
[5.00 -11.37 -4.07 150.47 173.12 92.82 26.900013 106],
[5.00 -11.05 -4.00 150.48 173.25 91.83 26.800013 103],
[5.00 -10.05 -3.96 150.46 173.37 90.84 26.600012 105],
[5.00 -12.15 -3.83 150.42 173.48 89.85 26.400011 107],
[5.00 -13.25 -3.30 150.40 173.62 88.86 26.300011 106],
[5.00 -13.38 -2.50 150.43 173.74 87.86 24.666700 106],
[5.00 -14.38 -2.12 150.50 173.83 86.87 24.566700 108],
[5.00 -18.83 -1.81 150.52 173.94 85.87 24.366699 107],
[5.00 -17.83 -1.43 150.55 174.07 84.88 24.266699 107],
[5.00 -17.91 -0.99 150.57 174.17 83.89 24.066698 106],
[5.00 -22.65 -0.31 150.61 174.27 82.89 23.866697 105],
[5.00 -21.90 0.31 150.70 174.35 81.89 23.666697 100],
[5.00 -24.01 0.77 150.80 174.41 80.89 23.466696 99],
[5.00 -24.16 1.12 150.90 174.46 79.89 23.366695 100],
[5.00 -25.70 1.80 150.99 174.52 78.90 23.166695 98],
[5.00 -18.56 2.70 151.16 174.52 77.90 23.000025 95],
[5.00 -22.06 2.95 151.42 174.55 76.92 22.833359 92],
[5.00 -19.49 3.61 151.56 174.56 75.92 22.566692 87],
[5.00 -19.02 4.06 151.82 174.56 74.95 22.433357 85],
[5.00 -20.19 4.49 152.06 174.56 73.97 22.166691 84],
[5.00 -15.67 5.28 152.31 174.53 73.00 21.966690 81],
[5.00 -14.33 5.58 152.70 174.54 72.05 21.766689 79],
[5.00 -13.18 6.15 153.01 174.54 71.10 21.566689 80],
[5.00 -12.20 6.66 153.40 174.52 70.17 21.366688 81],
[5.00 -12.49 6.82 153.82 174.49 69.26 21.166687 82],
[5.00 -11.34 7.37 154.19 174.44 68.33 20.866686 81],
[5.00 -10.77 7.23 154.67 174.39 67.45 20.766685 83],
[5.00 -9.55 7.48 155.05 174.37 66.53 20.566685 85],
[5.00 -7.85 8.06 155.53 174.34 65.66 20.266684 86],
[5.00 -8.24 7.65 156.11 174.30 64.83 20.166683 87],
[5.00 -5.09 8.19 156.52 174.26 63.93 19.966682 90],
[5.00 -4.43 7.91 157.15 174.26 63.14 19.666681 90],
[5.00 -4.39 7.54 157.64 174.23 62.28 19.466681 92],
[5.00 -4.30 6.85 158.13 174.19 61.42 19.266680 89],
[5.00 -1.76 7.21 158.57 174.16 60.53 19.066679 91],
[5.00 -0.83 7.42 159.22 174.15 59.76 18.866678 90],
[5.00 -1.31 8.30 159.86 174.12 58.99 18.566677 89],
[5.00 -0.49 5.86 160.63 174.02 58.33 18.366676 89],
[5.00 -0.32 4.71 160.88 174.05 57.28 18.266676 88],
[5.00 -0.92 4.36 161.30 174.03 56.36 18.233337 86],
[5.00 -1.35 4.68 161.84 173.97 55.52 17.866671 82],
[5.00 -3.58 5.59 162.50 173.90 54.77 17.600004 80],
[5.00 -5.71 6.67 163.27 173.77 54.11 17.333338 79],
[5.00 -6.37 7.17 164.09 173.60 53.51 13.566680 79],
[5.00 -6.11 7.98 164.86 173.46 52.88 13.366679 79],
[5.00 -4.53 8.70 165.70 173.33 52.33 12.666680 81],
[5.00 -6.31 9.43 166.57 173.24 51.81 12.400014 80],
[5.00 -5.47 10.11 167.44 173.03 51.34 12.200013 81],
[5.00 -7.22 11.28 168.35 172.90 50.91 11.966679 82],
[5.00 -7.77 12.09 169.31 172.63 50.61 11.766678 80],
[5.00 -6.95 12.60 170.26 172.41 50.33 11.666677 82],
[5.00 -8.45 13.50 171.21 172.24 50.06 11.500010 83],
[5.00 -8.30 13.69 172.17 171.95 49.92 11.300010 85],
[5.00 -8.65 14.36 173.11 171.74 49.71 11.200009 89],
[5.00 -9.86 14.57 174.08 171.48 49.65 11.000009 89],
[5.00 -10.40 14.56 175.01 171.18 49.56 10.800008 89],
[5.00 -10.42 14.49 175.95 170.90 49.48 10.600007 89],
[5.00 -10.48 14.81 176.89 170.64 49.44 10.500007 91],
[5.00 -10.74 14.22 177.83 170.36 49.52 10.300006 91],
[5.00 -12.81 13.93 178.76 170.10 49.47 10.100005 86],
[5.00 -9.88 13.23 179.67 169.72 49.48 10.000005 87],
[5.00 -12.72 13.25 180.64 169.59 49.49 9.666670 86],
[5.00 -17.24 12.44 181.53 169.17 49.63 9.566669 86],
[5.00 -19.89 12.13 182.40 168.69 49.60 9.366669 84],
[5.00 -22.51 11.44 183.28 168.24 49.70 9.166668 86],
[5.00 -25.00 12.18 184.16 167.81 49.75 9.000001 82],
[5.00 -25.64 12.38 184.96 167.27 50.08 8.733334 81],
[5.00 -27.58 11.62 185.78 166.82 50.38 8.466666 81],
[5.00 -27.58 11.76 186.64 166.35 50.52 8.299998 80],
[5.00 -28.00 11.83 187.44 165.89 50.87 8.266664 78],
[5.00 -27.71 12.20 188.23 165.41 51.23 7.766665 77],
[5.00 -26.58 12.65 188.96 164.93 51.69 7.333333 74],
[5.00 -24.31 12.07 189.67 164.47 52.23 7.166667 73],
[5.00 -22.43 12.21 190.48 164.10 52.65 6.666667 72],
[5.00 -15.94 12.52 191.19 163.70 53.21 6.000000 69],
[5.00 -12.66 12.28 191.93 163.51 53.90 5.500000 66],
[5.00 -10.00 12.04 192.68 163.23 54.48 4.333333 64],
[5.00 -8.80 11.52 193.41 162.94 55.09 3.666666 62],
[5.00 -8.24 11.68 194.13 162.60 55.65 2.833333 59],
[2.50 -6.96 10.95 194.75 162.26 56.35 2.000000 53],
[2.50 -8.26 10.59 195.47 161.93 56.94 1.000000 55],
[1.25 -7.66 11.65 196.09 161.53 57.58 0.500000 51],
]
