%Step Alpha Beta   x     y      z       NF1     Dist 
r080002=[
[7.26 5.26 0.99 149.27 171.30 108.68 40.866570  116], 
[5.00 11.85 2.42 149.48 171.31 107.69 40.666573  114], 
[5.00 17.12 3.85 149.82 171.41 106.70 40.366577  116], 
[5.00 21.33 4.81 150.18 171.60 105.74 40.166580  113], 
[5.00 26.62 5.28 150.46 171.83 104.78 39.866585  112], 
[5.00 28.93 5.76 150.65 172.10 103.81 39.766586  109], 
[5.00 32.69 5.76 150.88 172.35 102.86 33.000000  106], 
[5.00 35.70 5.76 151.01 172.60 101.90 32.900002  104], 
[5.00 38.11 5.76 151.14 172.85 100.94 28.600008  102], 
[5.00 21.90 3.60 151.29 173.10 99.99 33.033318  104], 
[5.00 27.07 3.60 151.46 172.71 98.93 32.833321  103], 
[5.00 18.79 1.29 151.62 172.94 97.97 32.633324  104], 
[5.00 12.17 -0.53 151.48 172.76 96.90 32.100014  103], 
[5.00 6.87 -1.81 151.31 172.74 95.86 31.900019  104], 
[5.00 2.63 -2.44 151.21 172.83 94.85 31.700022  105], 
[5.00 -0.76 -3.08 151.19 172.96 93.85 31.600023  108], 
[5.00 -0.61 -4.35 151.14 173.10 92.85 26.800013  107], 
[5.00 -3.35 -4.35 150.97 173.23 91.85 26.700012  103], 
[5.00 -5.55 -4.35 150.97 173.37 90.87 26.500011  104], 
[5.00 -4.44 -4.35 150.95 173.51 89.88 26.400011  107], 
[5.00 -3.55 -4.35 150.92 173.62 88.88 26.200010  105], 
[5.00 -2.84 -3.72 150.88 173.73 87.89 24.566700  105], 
[5.00 -2.27 -3.72 150.93 173.83 86.90 24.466700  107], 
[5.00 -1.82 -3.08 150.88 173.94 85.91 24.266699  107], 
[5.00 0.46 -3.08 150.93 174.04 84.91 24.166698  106], 
[5.00 5.28 -3.08 150.89 174.17 83.92 23.966698  105], 
[5.00 2.99 -2.45 150.83 174.23 82.92 23.766697  101], 
[5.00 10.03 -2.45 150.87 174.32 81.92 23.666697  100], 
[5.00 9.93 -1.85 150.82 174.35 80.92 23.466696  99], 
[5.00 9.86 -1.28 150.86 174.47 79.93 23.533361  99], 
[5.00 5.02 -0.26 150.90 174.58 78.93 23.266695  97], 
[5.00 1.15 0.71 151.02 174.71 77.94 23.066694  95], 
[5.00 -1.94 1.66 151.21 174.81 76.94 22.933359  92], 
[5.00 -4.42 2.62 151.43 174.87 75.95 22.666693  86], 
[5.00 -6.40 3.57 151.69 174.91 74.96 22.566692  85], 
[5.00 -7.99 4.53 151.98 174.93 73.98 22.266691  83], 
[5.00 -9.25 5.48 152.31 174.93 73.02 22.066690  81], 
[5.00 -10.27 5.96 152.68 174.90 72.06 21.866690  79], 
[5.00 -11.08 6.44 152.99 174.89 71.11 21.666689  79], 
[5.00 -8.86 7.39 153.34 174.86 70.16 21.466688  79], 
[5.00 -7.09 8.35 153.84 174.86 69.27 21.266687  76], 
[5.00 -5.67 8.83 154.38 174.86 68.40 21.066687  77], 
[5.00 -4.54 9.30 154.89 174.88 67.53 20.766685  79], 
[5.00 -6.50 9.30 155.43 174.88 66.69 20.566685  81], 
[5.00 -5.20 9.30 155.89 174.80 65.81 20.466684  83], 
[5.00 -4.16 9.30 156.41 174.81 64.96 20.166683  86], 
[5.00 -3.33 9.30 156.95 174.82 64.13 19.966682  92], 
[5.00 -2.66 9.30 157.51 174.81 63.32 19.766682  93], 
[5.00 -2.13 9.30 158.09 174.80 62.52 19.566681  96], 
[5.00 -1.70 9.30 158.70 174.79 61.74 19.266680  94], 
[5.00 -1.36 9.30 159.34 174.76 60.98 19.066679  99], 
[5.00 -1.09 9.78 159.99 174.74 60.23 18.766678  98], 
[5.00 -3.74 9.78 160.75 174.69 59.58 18.566677  97], 
[5.00 0.83 7.25 161.44 174.54 58.88 18.366676  99], 
[5.00 -1.16 5.19 161.77 174.54 57.85 18.166676  100], 
[5.00 -0.93 4.71 162.14 174.68 56.87 17.966675  97], 
[5.00 -0.74 4.23 162.72 174.66 56.06 17.766674  96], 
[5.00 -0.60 4.23 163.30 174.64 55.24 17.566673  95], 
[5.00 -0.48 4.71 163.96 174.60 54.49 17.366673  94], 
[5.00 -0.38 5.19 164.71 174.55 53.82 17.166672  93], 
[5.00 -0.30 6.14 165.47 174.50 53.17 13.466680  93], 
[5.00 -3.11 7.10 166.33 174.43 52.62 12.833347  91], 
[5.00 -5.35 8.05 167.20 174.27 52.10 12.733347  89], 
[5.00 -10.01 9.01 168.10 174.09 51.64 12.200013  90], 
[5.00 -13.74 9.96 168.99 173.80 51.21 12.100013  89], 
[5.00 -13.86 10.92 169.89 173.47 50.82 11.866678  92], 
[5.00 -16.81 11.87 170.84 173.22 50.52 11.666677  89], 
[5.00 -16.32 12.35 171.75 172.83 50.26 11.466677  90], 
[5.00 -13.05 13.30 172.69 172.58 50.00 11.366676  93], 
[5.00 -13.31 13.78 173.70 172.41 49.93 11.200009  90], 
[5.00 -13.51 14.26 174.64 172.12 49.80 11.000009  91], 
[5.00 -13.67 14.74 175.59 171.81 49.73 10.766674  92], 
[5.00 -13.80 14.74 176.53 171.49 49.73 10.566673  95], 
[5.00 -13.91 14.74 177.46 171.19 49.69 10.466673  93], 
[5.00 -13.99 14.26 178.38 170.87 49.69 10.266672  93], 
[5.00 -14.06 13.78 179.30 170.57 49.64 10.066671  97], 
[5.00 -16.98 13.30 180.23 170.26 49.63 9.866671  97], 
[5.00 -19.31 13.30 181.10 169.81 49.60 9.666670  94], 
[5.00 -21.18 13.30 181.96 169.34 49.70 9.566669  96], 
[5.00 -22.67 12.83 182.82 168.87 49.84 9.266668  96], 
[5.00 -23.87 12.83 183.69 168.43 49.92 9.100001  95], 
[5.00 -24.82 12.83 184.52 167.95 50.12 9.000001  93], 
[5.00 -28.45 13.30 185.34 167.47 50.36 8.900000  90], 
[5.00 -28.49 12.83 186.06 166.82 50.66 8.633332  89], 
[5.00 -28.52 12.83 186.88 166.35 50.90 8.266665  87], 
[5.00 -28.55 13.30 187.65 165.85 51.25 7.933331  86], 
[5.00 -25.70 13.30 188.34 165.30 51.72 7.833332  82], 
[5.00 -23.43 13.30 189.10 164.90 52.21 7.333333  78], 
[5.00 -21.61 13.30 189.83 164.48 52.73 7.500000  72], 
[5.00 -15.38 12.35 190.53 164.06 53.27 6.333333  71], 
[5.00 -15.17 11.39 191.41 163.85 53.75 5.666667  68], 
[5.00 -12.13 11.39 192.19 163.40 54.15 4.666666  62], 
[5.00 -7.80 11.39 192.90 163.07 54.76 3.999999  58], 
[5.00 -6.24 11.39 193.63 162.82 55.40 3.333333  55], 
[2.50 -3.74 10.44 194.29 162.49 56.05 2.500000  56], 
[2.50 -2.25 9.48 195.07 162.16 56.57 1.666667  52], 
[2.50 -7.08 9.48 195.84 161.79 57.09 0.666667  51],
[0.63 9.55 9.48 196.38 161.28 57.76 0.333333  51]] 
