%Step Alpha Beta   x     y      z       NF1     Dist 
r060202a=[
[7.26 5.26 0.99 149.27 171.30 108.68 40.866570  116 ],
[5.00 11.85 2.42 149.48 171.31 107.69 40.666573  114 ],
[5.00 15.21 3.37 149.82 171.41 106.70 40.366577  116 ],
[5.00 19.80 3.85 150.09 171.53 105.73 40.266579  115 ],
[5.00 25.39 4.33 150.28 171.70 104.75 39.966583  113 ],
[5.00 29.86 4.81 150.46 171.93 103.78 39.766586  110 ],
[5.00 31.53 5.28 150.63 172.18 102.81 33.000000  107 ],
[5.00 34.77 5.28 150.85 172.42 101.86 32.900002  105 ],
[5.00 37.37 5.28 150.98 172.64 100.89 32.700005  104 ],
[5.00 39.44 5.28 151.11 172.88 99.93 28.500008  102 ],
[5.00 25.83 3.09 151.26 173.12 98.97 32.833321  105 ],
[5.00 17.80 0.75 151.37 172.78 97.91 32.200012  107 ],
[5.00 11.37 -1.11 151.17 172.62 96.85 32.100014  107 ],
[5.00 6.23 -2.38 150.98 172.63 95.82 31.900019  105 ],
[5.00 2.12 -3.66 150.86 172.72 94.81 31.800020  106 ],
[5.00 -1.17 -4.29 150.70 172.86 93.81 31.700022  109 ],
[5.00 -3.80 -4.29 150.60 173.01 92.82 26.900013  108 ],
[5.00 -5.90 -4.29 150.59 173.15 91.83 26.800013  105 ],
[5.00 -4.72 -4.29 150.56 173.29 90.84 26.600012  106 ],
[5.00 -6.64 -3.66 150.52 173.39 89.84 26.400011  109 ],
[5.00 -5.31 -3.02 150.58 173.51 88.85 26.300011  109 ],
[5.00 -4.25 -2.39 150.63 173.59 87.85 26.100010  107 ],
[5.00 -6.27 -1.80 150.69 173.68 86.86 26.000010  110 ],
[5.00 -5.01 -1.80 150.76 173.78 85.86 24.366699  110 ],
[5.00 -4.01 -1.80 150.75 173.89 84.87 24.266699  109 ],
[5.00 -1.30 -1.80 150.72 173.99 83.88 24.066698  108 ],
[5.00 -3.90 -1.23 150.70 174.09 82.88 23.866697  107 ],
[5.00 -5.99 -0.69 150.76 174.20 81.89 23.666697  104 ],
[5.00 -7.65 -0.18 150.83 174.30 80.89 23.466696  100 ],
[5.00 -11.85 0.31 150.90 174.39 79.89 23.366695  101 ],
[5.00 -15.21 0.79 151.00 174.46 78.90 23.166695  99 ],
[5.00 -15.03 1.74 151.11 174.52 77.90 22.966694  97 ],
[5.00 -17.76 2.22 151.34 174.54 76.91 22.833359  94 ],
[5.00 -14.21 3.17 151.50 174.56 75.91 22.566692  91 ],
[5.00 -11.36 3.65 151.79 174.58 74.94 22.533358  84 ],
[5.00 -9.09 4.13 152.03 174.63 73.96 22.266691  83 ],
[5.00 -7.27 5.08 152.30 174.69 72.99 22.066690  81 ],
[5.00 -5.82 5.56 152.70 174.71 72.05 21.866690  79 ],
[5.00 -7.52 6.04 153.04 174.75 71.10 21.666689  79 ],
[5.00 -6.02 6.52 153.40 174.72 70.16 21.466688  80 ],
[5.00 -4.81 7.47 153.80 174.76 69.24 21.266687  76 ],
[5.00 -3.85 7.95 154.34 174.76 68.37 20.966686  78 ],
[5.00 -3.08 8.43 154.83 174.77 67.49 20.766685  79 ],
[5.00 -2.46 8.43 155.35 174.78 66.64 20.666685  82 ],
[5.00 -1.97 7.95 155.82 174.80 65.76 20.366684  87 ],
[5.00 -4.44 7.47 156.22 174.83 64.86 20.166683  90 ],
[5.00 -3.55 7.47 156.62 174.78 63.95 20.066683  94 ],
[5.00 -2.84 7.47 157.13 174.79 63.09 19.766682  96 ],
[5.00 -2.27 7.95 157.66 174.79 62.25 19.566681  99 ],
[5.00 -1.82 7.95 158.30 174.77 61.48 19.366680  97 ],
[5.00 -1.46 7.95 158.88 174.77 60.67 19.166679  100 ],
[5.00 -1.16 7.95 159.48 174.75 59.89 18.866678  100 ],
[5.00 -0.93 7.95 160.11 174.74 59.11 18.666677  100 ],
[5.00 8.80 5.93 160.75 174.71 58.36 18.466677  102 ],
[5.00 6.05 4.98 161.08 175.04 57.37 18.266676  100 ],
[5.00 1.97 4.50 161.55 175.00 56.48 18.066675  96 ],
[5.00 -1.28 4.50 162.09 174.91 55.63 17.933340  94 ],
[5.00 -3.89 4.98 162.70 174.83 54.84 17.733339  93 ],
[5.00 -5.98 5.93 163.40 174.74 54.13 17.266672  93 ],
[5.00 -7.65 6.89 164.20 174.62 53.50 17.166672  92 ],
[5.00 -6.12 8.32 165.02 174.48 52.91 13.566680  91 ],
[5.00 -7.76 9.75 165.96 174.38 52.44 12.833347  89 ],
[5.00 -9.07 10.71 166.91 174.16 52.04 12.566680  89 ],
[5.00 -10.12 11.18 167.83 173.95 51.63 12.300014  89 ],
[5.00 -10.96 12.14 168.71 173.74 51.20 12.100013  88 ],
[5.00 -11.64 13.09 169.65 173.49 50.90 11.900012  87 ],
[5.00 -12.17 13.57 170.61 173.22 50.68 11.766678  87 ],
[5.00 -12.60 14.05 171.54 172.96 50.43 11.466677  88 ],
[5.00 -12.95 14.05 172.48 172.69 50.25 11.366676  89 ],
[5.00 -13.22 14.53 173.40 172.42 50.03 11.266676  90 ],
[5.00 -13.44 14.53 174.34 172.12 49.95 10.966675  91 ],
[5.00 -13.62 14.53 175.27 171.84 49.84 10.866674  92 ],
[5.00 -10.90 14.53 176.20 171.54 49.77 10.666674  94 ],
[5.00 -11.58 14.53 177.18 171.38 49.78 10.466673  92 ],
[5.00 -12.13 14.53 178.10 171.06 49.80 10.266672  92 ],
[5.00 -9.70 14.05 179.02 170.73 49.87 10.166672  93 ],
[5.00 -13.49 13.09 179.98 170.56 49.92 9.966671  95 ],
[5.00 -16.52 12.14 180.86 170.11 49.83 9.766670  94 ],
[5.00 -18.95 11.66 181.76 169.70 49.76 9.566669  95 ],
[5.00 -20.89 11.66 182.64 169.27 49.79 9.466669  98 ],
[5.00 -25.31 11.18 183.51 168.82 49.93 9.166668  96 ],
[5.00 -28.84 11.18 184.35 168.29 49.97 9.000001  94 ],
[5.00 -31.67 11.18 185.17 167.73 50.12 8.733334  93 ],
[5.00 -33.93 11.18 185.97 167.17 50.29 8.466666  92 ],
[5.00 -35.74 11.18 186.76 166.61 50.50 8.299998  90 ],
[5.00 -34.32 10.71 187.53 166.04 50.73 8.133332  88 ],
[5.00 -33.18 10.71 188.37 165.59 50.98 7.766665  88 ],
[5.00 -32.28 10.71 189.15 165.09 51.32 7.499999  85 ],
[5.00 -28.69 10.71 189.92 164.58 51.69 7.166666  81 ],
[5.00 -25.81 11.66 190.69 164.15 52.15 6.666667  78 ],
[5.00 -18.74 11.66 191.34 163.68 52.79 6.333333  71 ],
[2.50 -16.97 12.62 192.14 163.42 53.39 5.000000  67 ],
[2.50 -6.36 12.62 192.73 163.00 54.11 4.333333  62 ],
[5.00 -5.09 12.62 193.58 162.98 54.79 3.666666  59 ],
[5.00 -4.07 12.14 194.25 162.64 55.43 2.833333  55 ],
[2.50 -2.44 12.14 194.95 162.29 56.02 2.000000  53 ],
[2.50 -7.20 11.18 195.59 161.99 56.70 1.000000  52 ],
[1.25 6.20 11.18 196.20 161.41 57.25 0.333333  48 ]]
