%Step Alpha Beta   x     y      z       NF1     Dist 
r080002a=[
[7.26 5.26 0.99 149.27 171.30 108.68 40.866570  116 ],
[5.00 11.85 2.42 149.48 171.31 107.69 40.666573  114 ],
[5.00 17.12 3.85 149.82 171.41 106.70 40.366577  116 ],
[5.00 21.33 4.81 150.18 171.60 105.74 40.166580  113 ],
[5.00 26.62 5.28 150.46 171.83 104.78 39.866585  112 ],
[5.00 28.93 5.76 150.65 172.10 103.81 39.766586  109 ],
[5.00 32.69 5.76 150.88 172.35 102.86 33.000000  106 ],
[5.00 35.70 5.76 151.01 172.60 101.90 32.900002  104 ],
[5.00 22.83 2.96 151.14 172.85 100.94 32.700005  107 ],
[5.00 12.54 0.61 151.12 172.43 99.86 39.066597  108 ],
[5.00 7.17 -1.89 150.88 172.27 98.80 39.066597  109 ],
[5.00 2.87 -3.80 150.57 172.29 97.77 38.866600  110 ],
[5.00 -0.57 -5.08 150.31 172.40 96.76 32.300011  108 ],
[5.00 -3.32 -6.35 150.11 172.55 95.77 32.100014  105 ],
[5.00 -5.52 -6.99 149.86 172.71 94.79 31.900019  105 ],
[5.00 -7.28 -6.99 149.67 172.88 93.81 31.800020  108 ],
[5.00 -5.83 -7.62 149.56 173.02 92.83 27.100014  106 ],
[5.00 -7.53 -6.99 149.31 173.14 91.86 27.000013  104 ],
[5.00 -0.29 -5.20 149.24 173.27 90.88 26.800013  108 ],
[5.00 3.59 -3.51 149.32 173.23 89.85 26.600012  111 ],
[5.00 6.38 -2.38 149.44 173.25 88.84 26.400011  111 ],
[5.00 7.01 -1.31 149.51 173.31 87.83 26.200010  112 ],
[5.00 7.52 -0.29 149.58 173.40 86.82 26.100010  112 ],
[5.00 7.93 0.68 149.68 173.50 85.82 25.900009  112 ],
[5.00 6.34 1.16 149.82 173.61 84.82 25.700008  113 ],
[5.00 5.07 1.64 149.91 173.70 83.83 25.500008  113 ],
[5.00 4.06 2.11 150.02 173.79 82.83 23.866697  111 ],
[5.00 3.25 2.59 150.15 173.87 81.84 23.766697  110 ],
[5.00 2.60 3.07 150.30 173.95 80.85 23.566696  109 ],
[5.00 2.08 3.55 150.48 174.02 79.86 23.366695  107 ],
[5.00 1.66 4.02 150.68 174.09 78.87 23.166695  105 ],
[5.00 1.33 4.50 150.91 174.16 77.90 22.966694  102 ],
[5.00 1.06 4.98 151.16 174.22 76.93 22.833359  99 ],
[5.00 0.85 4.98 151.45 174.28 75.96 22.566692  97 ],
[5.00 0.68 5.46 151.67 174.34 74.99 22.433357  93 ],
[5.00 -2.32 5.46 152.00 174.39 74.04 22.166691  91 ],
[5.00 -1.86 5.93 152.26 174.38 73.08 21.966690  89 ],
[5.00 -1.48 6.41 152.64 174.42 72.15 21.766689  86 ],
[5.00 -1.19 6.89 153.05 174.46 71.23 21.566689  85 ],
[5.00 -0.95 7.37 153.50 174.49 70.33 21.433353  81 ],
[5.00 -0.76 7.84 153.98 174.51 69.45 21.066687  79 ],
[5.00 -0.61 8.32 154.49 174.53 68.59 20.966686  80 ],
[5.00 -0.49 8.32 155.05 174.55 67.75 20.766685  80 ],
[5.00 -0.39 8.32 155.54 174.57 66.89 20.466684  78 ],
[5.00 -0.31 8.32 156.06 174.58 66.05 20.266684  83 ],
[5.00 -3.11 7.84 156.60 174.59 65.21 20.166683  82 ],
[5.00 -2.49 7.84 157.07 174.53 64.34 19.866682  85 ],
[5.00 -1.99 7.84 157.64 174.54 63.53 19.666681  85 ],
[5.00 -1.59 7.84 158.23 174.54 62.73 19.466681  87 ],
[5.00 -1.28 7.84 158.85 174.54 61.95 19.333345  83 ],
[5.00 -1.02 7.84 159.48 174.53 61.19 18.966679  81 ],
[5.00 -0.82 8.32 160.14 174.52 60.44 18.766678  87 ],
[5.00 -3.52 8.32 160.89 174.49 59.77 18.566677  84 ],
[5.00 1.01 5.69 161.57 174.38 59.06 18.466677  85 ],
[5.00 -0.60 3.53 161.87 174.42 58.01 18.166676  87 ],
[5.00 3.34 2.49 162.20 174.57 57.00 17.966675  84 ],
[5.00 2.03 2.49 162.66 174.63 56.09 17.766674  84 ],
[5.00 1.62 2.49 163.27 174.62 55.30 17.566673  84 ],
[5.00 1.30 2.97 163.89 174.62 54.52 17.366673  84 ],
[5.00 1.04 3.92 164.60 174.59 53.80 17.166672  84 ],
[5.00 -2.03 4.88 165.40 174.56 53.17 13.466680  85 ],
[5.00 -4.49 6.31 166.22 174.45 52.56 12.833347  84 ],
[5.00 -9.32 7.74 167.14 174.31 52.07 12.733347  85 ],
[5.00 -7.46 9.17 168.06 174.04 51.62 12.200013  86 ],
[5.00 -11.70 10.13 169.04 173.92 51.27 12.100013  87 ],
[5.00 -12.22 11.08 169.94 173.61 50.87 11.866678  88 ],
[5.00 -9.78 12.04 170.89 173.37 50.55 11.666677  86 ],
[5.00 -10.69 12.99 171.88 173.24 50.33 11.566677  88 ],
[5.00 -11.41 13.47 172.85 172.97 50.15 11.266676  91 ],
[5.00 -9.13 13.95 173.79 172.70 49.95 11.200009  90 ],
[5.00 -10.17 14.42 174.78 172.57 49.84 11.100009  88 ],
[5.00 -11.00 14.42 175.73 172.27 49.76 10.800008  89 ],
[5.00 -8.80 14.42 176.66 171.99 49.65 10.700007  90 ],
[5.00 -12.77 14.42 177.63 171.85 49.61 10.500007  90 ],
[5.00 -15.95 14.42 178.52 171.39 49.56 10.300006  90 ],
[5.00 -18.49 13.95 179.40 170.94 49.54 10.100005  91 ],
[5.00 -20.52 13.95 180.28 170.53 49.46 9.900004  92 ],
[5.00 -22.14 13.95 181.16 170.08 49.51 9.766670  93 ],
[5.00 -23.45 13.95 182.02 169.62 49.60 9.566669  94 ],
[5.00 -27.35 13.95 182.88 169.16 49.74 9.266668  97 ],
[5.00 -27.61 13.95 183.67 168.55 49.84 9.100001  96 ],
[5.00 -30.68 13.47 184.49 168.07 50.06 9.000001  91 ],
[5.00 -30.28 12.99 185.28 167.50 50.15 8.733334  94 ],
[5.00 -29.95 12.99 186.12 167.04 50.35 8.633332  92 ],
[5.00 -29.69 12.99 186.91 166.53 50.65 8.299998  90 ],
[5.00 -29.48 13.47 187.67 166.01 50.99 8.266664  87 ],
[5.00 -26.45 13.47 188.36 165.45 51.44 7.833332  83 ],
[5.00 -24.02 13.47 189.11 165.02 51.92 7.333333  80 ],
[5.00 -22.08 13.47 189.83 164.59 52.43 7.500000  74 ],
[5.00 -15.76 13.47 190.53 164.14 52.97 6.833333  69 ],
[5.00 -10.70 13.47 191.29 163.91 53.61 5.666667  66 ],
[5.00 -6.65 13.47 192.03 163.66 54.26 5.166666  58 ],
[5.00 -5.32 12.99 192.74 163.42 54.92 3.999999  56 ],
[5.00 -4.25 12.04 193.43 163.06 55.51 3.333333  54 ],
[5.00 -6.27 11.08 194.17 162.68 56.04 2.500000  53 ],
[5.00 -7.88 10.13 194.84 162.19 56.57 2.000000  50 ],
[2.50 -4.73 10.13 195.52 161.70 57.10 0.666667  48 ],
[1.25 -0.95 10.13 196.15 161.42 57.81 0.000000  48 ]]
