%Step Alpha Beta   x     y      z       NF1     Dist 
r080200=[
[7.26 -9.86 -0.88 149.27 171.30 108.68 40.966568  120 ],
[5.00 1.66 0.60 149.14 171.34 107.69 40.666573  120 ],
[5.00 -28.10 -1.27 149.37 171.26 106.69 40.566574  122 ],
[5.00 -36.81 -2.54 149.10 171.43 105.69 40.466576  121 ],
[5.00 -43.77 -3.82 148.95 171.62 104.70 40.166580  118 ],
[5.00 -49.34 -4.45 148.81 171.87 103.71 40.066582  115 ],
[5.00 -53.80 -5.09 148.74 172.08 102.73 39.966583  112 ],
[5.00 -57.36 -5.73 148.67 172.32 101.76 33.299995  109 ],
[5.00 -60.21 -5.73 148.60 172.58 100.79 33.099998  106 ],
[5.00 -62.49 -5.73 148.56 172.78 99.81 32.900002  103 ],
[5.00 -64.32 -5.73 148.51 172.99 98.83 28.266684  97 ],
[5.00 -51.46 -6.36 148.46 173.21 97.86 28.066683  94 ],
[5.00 -55.49 -5.73 148.13 173.43 96.91 27.966682  91 ],
[5.00 -34.84 -3.05 148.11 173.62 95.93 27.866682  89 ],
[5.00 -20.23 -0.99 148.02 173.37 94.87 27.500015  90 ],
[5.00 -12.37 0.97 148.12 173.28 93.84 27.400015  90 ],
[5.00 -6.07 2.40 148.37 173.27 92.81 27.100014  91 ],
[5.00 -2.95 3.36 148.65 173.33 91.80 27.000013  97 ],
[5.00 -0.45 3.83 148.88 173.42 90.81 26.800013  96 ],
[5.00 -0.36 4.31 149.06 173.54 89.83 26.500011  95 ],
[5.00 -0.29 4.79 149.26 173.62 88.85 26.400011  96 ],
[5.00 -0.23 4.79 149.48 173.71 87.87 26.200010  98 ],
[5.00 -5.91 4.31 149.64 173.80 86.89 26.100010  99 ],
[5.00 -4.73 4.31 149.69 173.80 85.89 24.366699  102 ],
[5.00 -6.65 4.31 149.87 173.90 84.91 24.266699  102 ],
[5.00 -8.18 4.31 150.04 173.94 83.93 24.066698  103 ],
[5.00 -18.01 3.83 150.23 173.97 82.95 23.866697  105 ],
[5.00 -28.73 3.36 150.29 173.92 81.94 25.200006  105 ],
[5.00 -25.85 2.88 150.32 173.88 80.93 23.566696  105 ],
[5.00 -26.41 2.88 150.44 173.99 79.94 23.366695  103 ],
[5.00 -26.86 2.88 150.61 174.00 78.96 23.166695  104 ],
[5.00 -24.35 2.88 150.79 174.02 77.98 23.066694  102 ],
[5.00 -17.57 3.36 151.00 174.05 77.00 22.833359  99 ],
[5.00 -16.92 3.36 151.33 174.08 76.05 22.566692  97 ],
[5.00 -11.63 3.83 151.56 174.10 75.08 22.433357  93 ],
[5.00 -12.17 3.83 151.93 174.13 74.14 22.166691  89 ],
[5.00 -7.82 4.31 152.20 174.13 73.17 21.966690  88 ],
[5.00 -4.35 4.79 152.59 174.16 72.25 21.866690  87 ],
[5.00 -3.48 4.79 153.02 174.19 71.34 21.566689  86 ],
[5.00 -2.78 5.27 153.36 174.21 70.40 21.466688  85 ],
[5.00 -2.23 5.27 153.82 174.20 69.50 21.166687  83 ],
[5.00 -1.78 5.74 154.21 174.21 68.59 20.966686  82 ],
[5.00 -4.29 5.27 154.71 174.20 67.72 20.766685  84 ],
[5.00 -3.43 5.27 155.05 174.15 66.78 20.566685  83 ],
[5.00 -0.84 5.74 155.49 174.15 65.88 20.366684  86 ],
[5.00 -0.67 5.74 156.04 174.17 65.04 20.166683  84 ],
[5.00 -9.13 4.79 156.53 174.15 64.17 19.966682  89 ],
[5.00 -5.39 4.79 156.81 174.01 63.20 19.666681  89 ],
[5.00 -0.50 5.27 157.31 174.04 62.34 19.566681  89 ],
[5.00 1.51 5.74 157.92 174.07 61.53 19.366680  88 ],
[5.00 2.59 5.74 158.54 174.07 60.74 19.166679  88 ],
[5.00 3.98 5.74 159.10 174.11 59.92 18.866678  91 ],
[5.00 3.19 6.70 159.68 174.14 59.10 18.666677  90 ],
[5.00 -8.91 4.60 160.44 174.09 58.42 18.833336  86 ],
[5.00 -5.22 4.12 160.66 173.85 57.37 18.500004  85 ],
[5.00 -2.26 3.64 161.18 173.88 56.51 18.233337  85 ],
[5.00 0.10 4.12 161.68 173.90 55.65 17.966671  80 ],
[5.00 -1.59 4.60 162.35 173.82 54.90 17.600004  79 ],
[5.00 -1.28 5.55 163.04 173.80 54.17 17.333338  78 ],
[5.00 -1.02 6.51 163.83 173.73 53.52 17.166672  78 ],
[5.00 -0.82 7.46 164.65 173.65 52.92 13.466680  79 ],
[5.00 -0.65 8.42 165.51 173.56 52.36 12.766681  80 ],
[5.00 -3.39 9.37 166.39 173.47 51.85 12.400014  80 ],
[5.00 -2.71 10.33 167.28 173.27 51.38 12.200013  81 ],
[5.00 -5.03 11.28 168.22 173.16 50.98 12.066679  80 ],
[5.00 -6.89 12.24 169.16 172.92 50.64 11.866678  81 ],
[5.00 -5.51 13.19 170.11 172.66 50.36 11.666677  84 ],
[5.00 -4.41 14.15 171.10 172.53 50.16 11.566677  87 ],
[5.00 -6.39 14.63 172.11 172.39 50.04 11.366676  88 ],
[5.00 -7.98 14.63 173.05 172.10 49.89 11.200009  91 ],
[5.00 -6.38 14.63 173.97 171.82 49.71 11.100009  92 ],
[5.00 -7.97 14.63 174.94 171.69 49.59 10.900008  95 ],
[5.00 -6.38 14.63 175.87 171.40 49.50 10.700007  93 ],
[5.00 -5.10 14.63 176.84 171.26 49.48 10.600007  94 ],
[5.00 -6.95 14.63 177.81 171.11 49.50 10.400006  97 ],
[5.00 -8.42 14.15 178.74 170.79 49.55 10.200006  98 ],
[5.00 -12.47 13.67 179.67 170.50 49.54 10.066671  97 ],
[5.00 -15.70 13.67 180.56 170.06 49.53 9.866671  94 ],
[5.00 -18.29 13.19 181.44 169.61 49.65 9.566669  96 ],
[5.00 -23.23 12.24 182.32 169.20 49.70 9.366669  95 ],
[5.00 -27.18 11.76 183.19 168.70 49.63 9.266668  95 ],
[5.00 -27.47 11.76 184.05 168.20 49.67 9.066668  94 ],
[5.00 -30.57 12.24 184.91 167.77 49.87 8.833334  92 ],
[5.00 -33.05 11.76 185.69 167.18 50.13 8.466666  91 ],
[5.00 -32.17 11.76 186.52 166.66 50.26 8.433332  90 ],
[5.00 -31.47 11.76 187.33 166.20 50.57 8.133332  85 ],
[5.00 -30.90 12.24 188.13 165.73 50.91 7.766665  86 ],
[5.00 -30.45 12.24 188.85 165.20 51.36 7.833332  81 ],
[5.00 -27.23 12.24 189.59 164.70 51.76 7.166666  81 ],
[5.00 -24.65 12.24 190.35 164.29 52.27 6.666667  79 ],
[5.00 -17.81 11.76 191.08 163.87 52.79 6.333333  70 ],
[2.50 -16.41 12.72 191.91 163.65 53.33 5.666667  69 ],
[2.50 -6.03 13.67 192.49 163.23 54.06 4.833333  59 ],
[5.00 -4.82 13.19 193.21 163.27 54.94 3.666666  55 ],
[5.00 -6.72 12.72 193.91 162.93 55.53 3.166666  56 ],
[2.50 -4.03 11.76 194.52 162.47 56.14 2.000000  55 ],
[2.50 -2.42 10.81 195.28 162.17 56.71 1.333333  52 ],
[1.25 -0.48 10.81 196.01 161.84 57.27 0.333333  52 ]]
