%Step Alpha Beta   x     y      z       NF1     Dist 
r060202=[
[7.26 5.26 0.99 149.27 171.30 108.68 40.866570  116 ],
[5.00 11.85 2.42 149.48 171.31 107.69 40.666573  114 ],
[5.00 15.21 3.37 149.82 171.41 106.70 40.366577  116 ],
[5.00 19.80 3.85 150.09 171.53 105.73 40.266579  115 ],
[5.00 25.39 4.33 150.28 171.70 104.75 39.966583  113 ],
[5.00 29.86 4.81 150.46 171.93 103.78 39.766586  110 ],
[5.00 31.53 5.28 150.63 172.18 102.81 33.000000  107 ],
[5.00 34.77 5.28 150.85 172.42 101.86 32.900002  105 ],
[5.00 37.37 5.28 150.98 172.64 100.89 32.700005  104 ],
[5.00 39.44 5.28 151.11 172.88 99.93 28.500008  102 ],
[5.00 41.10 4.81 151.26 173.12 98.97 28.300007  100 ],
[5.00 42.43 4.33 151.36 173.28 97.99 28.200006  101 ],
[5.00 28.22 2.71 151.47 173.44 97.01 28.000006  103 ],
[5.00 19.71 1.61 151.66 173.23 95.98 27.800005  102 ],
[5.00 15.77 -0.19 151.72 173.18 94.96 27.700005  103 ],
[5.00 12.61 -0.82 151.55 173.17 93.91 27.500004  105 ],
[5.00 10.09 -1.46 151.58 173.26 92.91 27.300003  104 ],
[5.00 8.07 -2.10 151.58 173.37 91.91 27.200003  101 ],
[5.00 8.37 -2.73 151.57 173.48 90.91 27.000002  101 ],
[5.00 8.60 -3.37 151.54 173.57 89.91 26.900002  101 ],
[5.00 8.79 -4.01 151.48 173.66 88.91 26.200010  104 ],
[5.00 8.94 -4.01 151.40 173.75 87.91 24.566700  104 ],
[5.00 9.07 -4.01 151.39 173.84 86.92 24.466700  106 ],
[5.00 9.16 -4.01 151.38 173.94 85.92 24.266699  105 ],
[5.00 9.24 -4.01 151.36 174.03 84.93 24.166698  104 ],
[5.00 9.30 -4.01 151.32 174.12 83.94 23.966698  101 ],
[5.00 11.26 -4.01 151.28 174.21 82.94 23.766697  99 ],
[5.00 12.83 -4.01 151.23 174.26 81.94 23.666697  98 ],
[5.00 15.99 -4.01 151.17 174.32 80.95 23.466696  97 ],
[5.00 16.61 -4.01 151.12 174.34 79.95 23.366695  95 ],
[5.00 17.11 -4.01 151.04 174.39 78.96 23.166695  94 ],
[5.00 15.60 -2.85 150.96 174.45 77.96 23.066694  95 ],
[5.00 20.12 -2.85 151.03 174.58 76.96 22.966694  91 ],
[5.00 13.23 -0.80 150.98 174.60 75.96 22.766693  91 ],
[5.00 10.58 0.19 151.19 174.81 74.97 22.666693  91 ],
[5.00 8.47 1.63 151.32 174.93 73.97 22.366692  85 ],
[5.00 6.77 3.06 151.61 175.05 72.98 22.266691  85 ],
[5.00 2.55 4.01 151.97 175.15 72.00 21.966690  83 ],
[5.00 2.04 5.45 152.27 175.15 71.02 21.666689  83 ],
[5.00 1.63 6.88 152.72 175.20 70.07 21.566689  81 ],
[5.00 1.31 7.83 153.23 175.23 69.16 21.366688  83 ],
[5.00 -1.82 7.83 153.71 175.27 68.25 21.066687  86 ],
[5.00 -4.32 8.31 154.02 175.21 67.30 20.966686  89 ],
[5.00 -6.32 8.79 154.46 175.14 66.40 20.666685  92 ],
[5.00 -5.06 9.74 154.93 175.07 65.51 20.466684  97 ],
[5.00 -4.05 10.22 155.55 175.06 64.70 20.266684  96 ],
[5.00 -6.10 10.22 156.13 175.06 63.88 19.966682  100 ],
[5.00 -4.88 10.22 156.64 174.96 63.04 19.766682  103 ],
[5.00 -3.90 10.22 157.20 174.97 62.22 19.666681  103 ],
[5.00 -3.12 10.22 157.78 174.96 61.42 19.466681  103 ],
[5.00 -2.50 10.22 158.39 174.95 60.64 19.266680  103 ],
[5.00 -2.00 10.22 159.03 174.94 59.89 18.966679  105 ],
[5.00 -1.60 10.22 159.69 174.91 59.15 18.766678  104 ],
[5.00 -1.28 8.31 160.37 174.88 58.44 18.566677  103 ],
[5.00 -3.89 7.36 160.77 174.91 57.49 18.366676  102 ],
[5.00 -3.11 6.88 161.29 174.82 56.63 18.166676  100 ],
[5.00 -2.49 6.88 161.89 174.81 55.84 17.966675  98 ],
[5.00 -1.99 6.88 162.57 174.77 55.12 17.833340  93 ],
[5.00 -4.46 6.88 163.27 174.73 54.42 17.466673  93 ],
[5.00 -6.43 7.83 163.98 174.61 53.72 17.166672  92 ],
[5.00 -8.01 8.79 164.84 174.44 53.18 13.566680  91 ],
[5.00 -9.27 9.74 165.72 174.25 52.70 13.366679  91 ],
[5.00 -10.28 10.22 166.62 174.04 52.26 12.566680  90 ],
[5.00 -11.09 11.18 167.49 173.84 51.81 12.466680  89 ],
[5.00 -11.74 11.65 168.43 173.59 51.48 12.100013  90 ],
[5.00 -12.25 12.13 169.33 173.35 51.13 11.900012  88 ],
[5.00 -12.67 12.61 170.25 173.10 50.83 11.766678  88 ],
[5.00 -13.00 13.09 171.18 172.84 50.59 11.566677  90 ],
[5.00 -13.26 13.56 172.12 172.56 50.40 11.366676  91 ],
[5.00 -13.48 13.56 173.07 172.27 50.26 11.166676  92 ],
[5.00 -13.65 13.56 173.99 171.99 50.10 11.066675  92 ],
[5.00 -13.78 13.56 174.92 171.70 49.97 10.766674  91 ],
[5.00 -13.89 13.56 175.85 171.40 49.89 10.666674  94 ],
[5.00 -13.98 13.56 176.78 171.09 49.85 10.566673  92 ],
[5.00 -14.05 13.09 177.71 170.78 49.85 10.266672  93 ],
[5.00 -14.10 12.61 178.63 170.48 49.80 10.166672  96 ],
[5.00 -14.15 12.13 179.56 170.17 49.77 9.966671  95 ],
[5.00 -14.18 11.65 180.49 169.85 49.77 9.866671  93 ],
[5.00 -17.07 11.18 181.41 169.54 49.79 9.566669  96 ],
[5.00 -19.39 11.18 182.30 169.10 49.80 9.366669  95 ],
[5.00 -24.11 10.70 183.17 168.65 49.93 9.266668  94 ],
[5.00 -27.88 10.22 184.02 168.11 49.96 9.066668  92 ],
[5.00 -28.03 10.22 184.87 167.60 50.00 8.833334  91 ],
[5.00 -31.02 10.22 185.72 167.15 50.19 8.466666  90 ],
[5.00 -33.41 10.22 186.53 166.60 50.37 8.433332  88 ],
[5.00 -32.46 11.18 187.33 166.04 50.57 8.133332  84 ],
[5.00 -31.70 11.18 188.06 165.49 51.03 7.766665  84 ],
[5.00 -31.09 10.70 188.84 164.99 51.37 7.499999  81 ],
[5.00 -27.73 11.18 189.65 164.51 51.66 7.166666  79 ],
[5.00 -25.05 11.18 190.39 164.07 52.18 6.666667  81 ],
[5.00 -18.13 12.13 191.15 163.65 52.66 6.333333  72 ],
[5.00 -12.60 13.09 191.86 163.38 53.40 5.500000  69 ],
[5.00 -8.17 13.09 192.54 163.15 54.17 4.333333  63 ],
[5.00 -6.53 13.09 193.28 162.93 54.80 3.666666  62 ],
[5.00 -5.23 12.61 193.96 162.61 55.45 2.833333  59 ],
[5.00 -4.18 12.13 194.66 162.28 56.05 2.000000  59 ],
[2.50 -2.51 11.18 195.34 161.95 56.66 1.333333  58 ],
[2.50 -1.51 10.22 196.09 161.62 57.22 0.333333  54 ]]
