r802a=[[7.26 6.57 0.99 149.27 171.30 108.68 40.866570 116],
[5.00 12.90 2.42 149.48 171.31 107.69 40.666573 114],
[5.00 19.87 3.37 149.81 171.42 106.70 40.366577 116],
[5.00 23.53 4.33 150.06 171.62 105.73 40.166580 113],
[5.00 28.38 4.81 150.32 171.84 104.76 39.966583 112],
[5.00 32.25 5.28 150.49 172.09 103.79 33.199997 108],
[5.00 35.35 5.28 150.67 172.37 102.83 33.000000 106],
[5.00 37.83 5.28 150.78 172.59 101.87 32.900002 104],
[5.00 37.90 5.28 150.90 172.82 100.90 28.100018 102],
[5.00 16.00 3.09 151.09 173.02 99.94 32.600006 105],
[5.00 4.20 1.38 151.23 172.54 98.88 38.966599 108],
[5.00 -2.37 -0.43 151.10 172.45 97.83 32.200012 107],
[5.00 -7.62 -1.71 150.89 172.54 96.81 32.100014 107],
[5.00 -11.83 -2.34 150.78 172.68 95.80 31.900019 105],
[5.00 -15.19 -2.98 150.75 172.83 94.81 31.800020 105],
[5.00 -20.75 -2.98 150.71 172.99 93.82 27.000013 107],
[5.00 -22.33 -2.98 150.75 173.15 92.83 26.800013 106],
[5.00 -23.59 -2.98 150.77 173.29 91.84 26.700012 103],
[5.00 -24.60 -2.98 150.79 173.43 90.85 26.500011 104],
[5.00 -19.68 -2.98 150.80 173.57 89.86 26.300011 107],
[5.00 -18.61 -2.98 150.77 173.67 88.86 24.866701 104],
[5.00 -26.35 -2.35 150.76 173.80 87.87 24.566700 104],
[5.00 -35.40 -1.76 150.86 173.95 86.89 24.466700 107],
[5.00 -22.59 -1.76 150.97 174.07 85.90 24.266699 106],
[5.00 -32.40 -1.19 150.94 174.16 84.90 24.166698 105],
[5.00 -18.28 -1.83 151.04 174.28 83.91 23.966698 104],
[5.00 -28.95 -1.26 150.93 174.42 82.92 23.866697 100],
[5.00 -37.48 -0.72 151.02 174.56 81.93 23.766697 99],
[5.00 -41.44 -0.21 151.11 174.66 80.93 23.633362 97],
[5.00 -44.61 0.28 151.18 174.74 79.93 23.533361 97],
[5.00 -35.69 1.24 151.27 174.79 78.94 23.433357 93],
[5.00 -34.28 2.19 151.46 174.77 77.93 23.100025 90],
[5.00 -33.16 2.67 151.67 174.73 76.94 22.933359 86],
[5.00 -24.61 3.62 151.85 174.74 75.95 22.700024 82],
[5.00 -25.42 4.10 152.18 174.75 74.98 22.533358 80],
[5.00 -26.07 4.58 152.42 174.72 74.00 22.233356 78],
[5.00 -23.72 5.06 152.67 174.67 73.03 21.966690 77],
[5.00 -18.97 5.53 152.98 174.65 72.07 21.766689 73],
[5.00 -15.18 6.01 153.35 174.68 71.13 21.666689 70],
[5.00 -12.14 6.01 153.74 174.70 70.20 21.366688 71],
[5.00 -9.71 6.49 154.07 174.75 69.26 21.266687 74],
[5.00 -7.77 6.97 154.51 174.76 68.35 20.966686 75],
[5.00 -6.22 7.44 154.98 174.76 67.46 20.766685 77],
[5.00 -4.97 7.92 155.48 174.76 66.59 20.566685 76],
[5.00 -3.98 7.92 156.02 174.75 65.74 20.366684 82],
[5.00 -3.18 8.40 156.49 174.75 64.87 20.166683 84],
[5.00 -2.55 8.40 157.08 174.73 64.06 19.966682 86],
[5.00 -2.04 8.40 157.62 174.72 63.22 19.666681 90],
[5.00 -1.63 8.40 158.18 174.70 62.40 19.366680 91],
[5.00 -1.30 8.88 158.76 174.68 61.60 19.166679 91],
[5.00 -1.04 8.40 159.45 174.63 60.87 18.966679 93],
[5.00 -0.83 7.92 160.00 174.61 60.05 18.866678 95],
[5.00 -0.67 6.97 160.56 174.59 59.23 18.566677 96],
[5.00 1.38 4.88 161.06 174.58 58.36 18.366676 97],
[5.00 0.39 4.41 161.35 174.63 57.35 18.166676 99],
[5.00 0.31 3.93 161.87 174.61 56.50 17.966675 95],
[5.00 -5.48 4.41 162.40 174.59 55.65 17.766674 92],
[5.00 -4.38 4.88 163.07 174.45 54.91 17.466673 91],
[5.00 -3.51 5.36 163.78 174.40 54.20 17.266672 91],
[5.00 -2.81 6.32 164.51 174.34 53.51 17.166672 90],
[5.00 -2.24 6.79 165.34 174.26 52.92 13.566680 89],
[5.00 -7.53 7.75 166.13 174.19 52.29 12.666680 89],
[5.00 -8.89 9.18 166.98 173.93 51.76 12.400014 88],
[5.00 -9.97 10.14 167.92 173.71 51.36 12.300014 86],
[5.00 -10.84 11.09 168.84 173.48 50.96 11.966679 87],
[5.00 -8.67 12.05 169.77 173.24 50.61 11.866678 89],
[5.00 -9.80 13.00 170.75 173.10 50.35 11.666677 90],
[5.00 -7.84 13.96 171.71 172.82 50.14 11.466677 90],
[5.00 -9.14 14.43 172.72 172.67 50.03 11.366676 92],
[5.00 -10.18 14.91 173.66 172.38 49.88 11.100009 93],
[5.00 -11.01 14.91 174.61 172.07 49.80 11.000009 92],
[5.00 -8.80 14.91 175.53 171.78 49.67 10.800008 94],
[5.00 -9.91 14.91 176.50 171.64 49.63 10.600007 92],
[5.00 -13.66 14.43 177.43 171.33 49.60 10.500007 93],
[5.00 -16.65 14.43 178.31 170.89 49.49 10.300006 93],
[5.00 -13.32 14.43 179.19 170.43 49.51 10.066671 97],
[5.00 -16.39 13.96 180.16 170.27 49.64 9.866671 97],
[5.00 -18.84 13.48 181.03 169.82 49.65 9.666670 94],
[5.00 -23.67 13.00 181.91 169.38 49.68 9.566669 95],
[5.00 -24.66 12.52 182.74 168.82 49.69 9.366669 95],
[5.00 -25.46 12.52 183.61 168.40 49.78 9.066668 94],
[5.00 -28.96 12.05 184.46 167.94 49.99 8.833334 93],
[5.00 -31.76 12.05 185.28 167.39 50.07 8.733334 90],
[5.00 -31.14 12.05 186.06 166.81 50.27 8.466666 90],
[5.00 -30.64 12.05 186.87 166.33 50.57 8.299998 88],
[5.00 -30.24 12.52 187.65 165.84 50.90 7.933331 86],
[5.00 -29.92 12.52 188.37 165.31 51.35 7.766665 85],
[5.00 -22.03 11.57 189.10 164.79 51.75 7.666666 81],
[5.00 -20.49 12.05 190.04 164.61 52.17 7.166667 76],
[5.00 -19.26 12.05 190.73 164.17 52.74 6.666667 76],
[5.00 -13.49 12.52 191.45 163.73 53.27 6.000000 70],
[5.00 -8.89 12.05 192.17 163.50 53.96 5.500000 63],
[5.00 -7.11 12.05 192.97 163.26 54.51 4.333333 60],
[5.00 -5.69 12.05 193.65 162.93 55.14 3.666666 59],
[5.00 -4.55 12.05 194.32 162.61 55.80 2.833333 54],
[5.00 -6.50 11.09 194.95 162.30 56.48 2.000000 50],
[2.50 -3.90 11.09 195.63 161.83 57.03 0.666667 50],
[1.25 -0.78 9.18 196.26 161.57 57.75 0.333333 49],
]
