r622=[[7.26 -9.86 -0.88 149.27 171.30 108.68 40.966568 120],
[5.00 -19.35 -2.15 149.14 171.34 107.69 40.766571 120],
[5.00 -29.80 -3.42 148.94 171.47 106.69 40.566574 122],
[5.00 -35.30 -4.06 148.76 171.68 105.71 40.466576 119],
[5.00 -36.83 -4.70 148.64 171.85 104.72 40.266579 117],
[5.00 -40.93 -5.33 148.49 172.02 103.74 40.166580 114],
[5.00 -47.07 -5.97 148.35 172.24 102.77 33.399994 111],
[5.00 -51.98 -5.97 148.25 172.52 101.80 33.299995 107],
[5.00 -55.90 -5.97 148.20 172.73 100.83 33.099998 104],
[5.00 -61.56 -5.97 148.07 173.18 98.88 28.600018 93],
[5.00 -63.57 -5.33 147.99 173.42 97.92 28.400017 90],
[5.00 -65.18 -4.70 147.94 173.57 96.93 27.000038 85],
[5.00 -66.47 -4.06 147.88 173.72 95.94 26.733372 83],
[5.00 -43.63 -1.47 147.81 173.86 94.95 27.766682 83],
[5.00 -29.17 0.51 147.72 173.65 93.90 27.566681 84],
[5.00 -19.52 1.95 147.84 173.56 92.87 27.200014 86],
[5.00 -11.79 3.38 148.06 173.56 91.85 27.100014 84],
[5.00 -7.53 4.33 148.36 173.62 90.84 26.800013 85],
[5.00 -4.11 5.29 148.62 173.71 89.86 26.700012 87],
[5.00 -3.29 5.77 148.93 173.81 88.88 24.966702 88],
[5.00 -2.63 5.77 149.17 173.89 87.91 24.766701 89],
[5.00 -2.10 5.77 149.35 173.99 86.94 24.666700 90],
[5.00 -4.55 5.77 149.54 174.08 85.96 24.466700 89],
[5.00 -9.37 5.29 149.74 174.11 84.99 24.266699 93],
[5.00 -10.36 5.29 149.85 174.10 83.99 24.066698 94],
[5.00 -11.15 4.81 150.07 174.13 83.02 23.966698 94],
[5.00 -23.25 4.33 150.21 174.19 82.03 23.766697 97],
[5.00 -24.33 3.86 150.26 174.08 81.02 23.566696 100],
[5.00 -25.19 3.38 150.39 174.13 80.03 23.466696 99],
[5.00 -25.88 3.38 150.52 174.18 79.04 23.166695 98],
[5.00 -26.44 3.38 150.73 174.18 78.07 23.066694 97],
[5.00 -26.88 3.38 150.95 174.18 77.09 22.866693 96],
[5.00 -21.50 3.38 151.18 174.17 76.12 22.666693 94],
[5.00 -15.29 3.86 151.46 174.21 75.16 22.466692 92],
[5.00 -15.10 3.86 151.85 174.23 74.23 22.266691 91],
[5.00 -14.94 3.86 152.13 174.22 73.27 22.066690 94],
[5.00 -10.04 3.38 152.43 174.21 72.32 21.866690 93],
[5.00 -6.13 3.86 152.67 174.29 71.35 21.666689 90],
[5.00 -4.90 3.38 153.09 174.30 70.43 21.466688 89],
[5.00 -3.92 3.86 153.34 174.34 69.46 21.266687 90],
[5.00 -3.14 4.33 153.77 174.32 68.55 21.066687 88],
[5.00 -2.51 4.33 154.23 174.31 67.66 20.766685 89],
[5.00 -2.01 4.33 154.62 174.30 66.74 20.666685 88],
[5.00 -1.61 4.81 155.02 174.30 65.83 20.366684 92],
[5.00 0.63 5.29 155.53 174.27 64.96 20.166683 92],
[5.00 0.09 6.24 156.06 174.23 64.11 19.966682 91],
[5.00 0.29 6.24 156.71 174.13 63.32 19.866682 93],
[5.00 -2.89 6.72 157.20 174.03 62.46 19.566681 90],
[5.00 1.51 6.72 157.85 174.08 61.68 19.366680 93],
[5.00 1.00 6.72 158.41 174.04 60.86 19.999998 89],
[5.00 -0.62 7.20 158.99 173.96 60.05 18.966679 94],
[5.00 -0.50 6.24 159.69 174.01 59.33 18.666677 90],
[5.00 -0.40 4.11 160.16 173.99 58.44 18.466677 89],
[5.00 1.59 3.64 160.41 174.02 57.40 18.266676 88],
[5.00 2.76 3.16 160.90 174.02 56.54 18.166676 87],
[5.00 4.12 3.64 161.40 174.03 55.67 17.966675 84],
[5.00 3.29 4.11 162.06 174.03 54.91 17.666674 84],
[5.00 2.63 5.07 162.74 173.98 54.17 17.333338 82],
[5.00 2.11 6.02 163.52 173.92 53.51 13.733347 81],
[5.00 1.69 6.98 164.33 173.86 52.89 13.566680 81],
[5.00 1.35 7.93 165.17 173.78 52.31 12.866681 81],
[5.00 -1.79 9.37 166.05 173.70 51.78 12.500014 80],
[5.00 -4.29 10.32 167.00 173.48 51.37 12.300014 81],
[5.00 -3.43 11.28 167.91 173.27 50.96 12.066679 82],
[5.00 -5.61 12.23 168.87 173.15 50.62 11.966679 84],
[5.00 -4.49 13.19 169.82 172.90 50.33 11.866678 83],
[5.00 -3.59 14.14 170.82 172.77 50.13 11.566677 85],
[5.00 -2.87 14.62 171.82 172.63 50.00 11.500010 87],
[5.00 -5.16 14.62 172.80 172.51 49.86 11.300010 89],
[5.00 -7.00 14.62 173.72 172.23 49.67 11.100009 92],
[5.00 -5.60 14.62 174.65 171.95 49.52 11.000009 92],
[5.00 -7.34 14.62 175.62 171.82 49.45 10.800008 93],
[5.00 -8.74 14.62 176.56 171.53 49.39 10.600007 94],
[5.00 -9.86 14.62 177.49 171.23 49.39 10.500007 95],
[5.00 -10.75 14.62 178.42 170.94 49.42 10.200006 98],
[5.00 -11.46 14.14 179.35 170.63 49.51 10.066671 97],
[5.00 -14.90 13.66 180.28 170.35 49.54 9.866671 95],
[5.00 -17.65 13.66 181.16 169.92 49.56 9.766670 97],
[5.00 -19.85 13.19 182.04 169.47 49.71 9.466669 97],
[5.00 -24.47 12.23 182.92 169.05 49.80 9.266668 96],
[5.00 -28.17 11.75 183.79 168.55 49.76 9.066668 94],
[5.00 -31.13 11.75 184.64 168.05 49.83 8.966667 94],
[5.00 -33.50 11.75 185.45 167.50 50.00 8.733334 92],
[5.00 -35.40 11.75 186.25 166.96 50.20 8.466666 91],
[5.00 -34.05 11.75 187.03 166.40 50.43 8.299998 90],
[5.00 -32.97 12.23 187.83 165.93 50.77 8.266664 87],
[5.00 -32.10 12.23 188.55 165.40 51.22 7.766665 85],
[5.00 -31.41 11.28 189.29 164.89 51.62 7.166666 82],
[5.00 -27.99 11.28 190.12 164.44 51.90 7.000000 77],
[5.00 -25.26 11.75 190.87 164.02 52.40 6.666667 76],
[5.00 -18.30 11.75 191.54 163.57 53.00 5.666667 72],
[5.00 -17.50 11.28 192.31 163.31 53.63 5.000000 65],
[5.00 -12.09 11.75 193.04 162.86 54.12 4.333333 62],
[5.00 -9.67 11.28 193.71 162.60 54.84 3.666666 59],
[5.00 -7.74 10.80 194.43 162.24 55.41 2.833333 52],
[2.50 -0.82 12.71 195.14 161.87 55.99 2.000000 51],
[2.50 3.33 11.75 195.64 161.83 57.00 1.333333 52],
[1.25 0.45 13.66 196.42 161.61 57.58 0.500000 48],
]
