r604r2=[[7.26 5.34 1.11 149.27 171.30 108.68 40.866570 116],
[5.00 12.58 2.75 149.51 171.31 107.69 40.666573 114],
[5.00 19.02 3.89 149.89 171.43 106.71 40.366577 116],
[5.00 23.93 4.67 150.18 171.65 105.74 40.166580 113],
[5.00 28.47 5.01 150.42 171.89 104.77 39.866585 109],
[5.00 30.72 5.47 150.58 172.14 103.81 33.199997 108],
[5.00 33.32 5.46 150.79 172.38 102.85 33.000000 105],
[5.00 35.94 5.43 150.93 172.59 101.89 32.900002 103],
[5.00 37.68 5.41 151.06 172.82 100.92 28.100018 102],
[5.00 15.87 3.53 151.22 173.05 99.96 33.033318 105],
[5.00 9.63 0.73 151.44 172.59 98.91 32.400009 107],
[5.00 3.42 -0.95 151.10 172.50 97.83 32.200012 107],
[5.00 0.74 -2.71 150.93 172.57 96.81 32.100014 107],
[5.00 -1.65 -4.14 150.74 172.69 95.80 32.000015 104],
[5.00 -5.12 -5.00 150.55 172.84 94.80 31.800020 105],
[5.00 -8.39 -5.05 150.41 173.01 93.81 27.100014 107],
[5.00 -12.67 -4.51 150.38 173.17 92.83 26.900013 106],
[5.00 -12.74 -4.65 150.43 173.32 91.84 26.800013 103],
[5.00 -15.75 -3.83 150.36 173.46 90.85 26.600012 104],
[5.00 -14.44 -3.25 150.43 173.59 89.86 26.400011 107],
[5.00 -15.18 -2.97 150.47 173.68 88.86 24.866701 104],
[5.00 -14.65 -2.41 150.47 173.80 87.87 24.666700 105],
[5.00 -17.96 -1.64 150.51 173.90 86.88 24.566700 107],
[5.00 -22.68 -0.98 150.59 174.00 85.88 24.366699 106],
[5.00 -24.99 -0.49 150.68 174.10 84.88 24.266699 105],
[5.00 -30.92 0.06 150.74 174.18 83.89 23.966698 105],
[5.00 -32.68 0.41 150.82 174.25 82.89 23.766697 101],
[5.00 -34.76 0.68 150.89 174.32 81.89 23.666697 100],
[5.00 -36.22 1.22 150.95 174.38 80.89 23.466696 99],
[5.00 -35.58 1.79 151.07 174.39 79.89 23.366695 100],
[5.00 -33.36 2.10 151.20 174.39 78.90 23.166695 98],
[5.00 -33.23 2.42 151.33 174.42 77.90 23.000025 94],
[5.00 -28.36 3.07 151.46 174.42 76.91 22.833359 90],
[5.00 -25.61 3.51 151.70 174.42 75.92 22.566692 86],
[5.00 -23.96 4.07 151.92 174.42 74.94 22.433357 83],
[5.00 -24.15 4.34 152.18 174.39 73.97 22.166691 82],
[5.00 -21.48 5.15 152.41 174.36 72.99 21.966690 81],
[5.00 -16.19 5.56 152.78 174.30 72.05 21.766689 78],
[5.00 -14.63 6.02 153.14 174.34 71.11 21.566689 77],
[5.00 -12.39 6.67 153.52 174.31 70.17 21.266687 76],
[5.00 -10.23 7.27 153.97 174.28 69.27 21.166687 75],
[5.00 -8.57 7.24 154.45 174.25 68.38 20.866686 78],
[5.00 -5.05 7.31 154.84 174.25 67.47 20.666685 79],
[5.00 -4.94 7.11 155.29 174.30 66.57 20.566685 81],
[5.00 -4.59 6.72 155.69 174.28 65.66 20.266684 83],
[5.00 -2.98 7.78 156.07 174.27 64.75 20.066683 83],
[5.00 -3.74 6.92 156.74 174.23 63.96 19.866682 86],
[5.00 -2.21 7.08 157.08 174.20 63.03 19.666681 89],
[5.00 -1.77 6.95 157.63 174.19 62.19 19.466681 91],
[5.00 0.22 7.21 158.14 174.16 61.34 19.266680 89],
[5.00 -1.22 8.08 158.73 174.08 60.54 18.966679 91],
[5.00 -0.20 8.10 159.47 174.05 59.84 18.766678 90],
[5.00 0.42 7.66 160.09 174.03 59.06 18.566677 89],
[5.00 -0.07 5.93 160.66 174.01 58.25 18.366676 88],
[5.00 0.85 5.34 161.01 173.99 57.28 18.333338 86],
[5.00 0.86 4.73 161.53 173.98 56.43 18.233337 83],
[5.00 1.81 4.48 162.05 173.95 55.57 17.866671 83],
[5.00 1.19 4.81 162.62 173.94 54.76 17.600004 81],
[5.00 -0.48 5.19 163.30 173.88 54.02 17.333338 80],
[5.00 -0.45 6.02 164.00 173.78 53.31 13.566680 79],
[5.00 -0.17 7.61 164.80 173.70 52.69 12.866681 80],
[5.00 -0.60 8.25 165.75 173.61 52.21 12.766681 81],
[5.00 -2.61 9.69 166.59 173.52 51.66 12.300014 81],
[5.00 -3.78 10.79 167.56 173.33 51.28 12.200013 82],
[5.00 -5.44 12.00 168.51 173.15 50.92 12.066679 84],
[5.00 -5.59 12.85 169.48 172.92 50.65 11.866678 83],
[5.00 -6.32 13.83 170.45 172.74 50.39 11.666677 84],
[5.00 -8.80 14.23 171.43 172.52 50.23 11.466677 86],
[5.00 -9.97 14.44 172.36 172.20 50.02 11.300010 88],
[5.00 -10.15 14.27 173.29 171.93 49.83 11.200009 92],
[5.00 -11.78 14.20 174.22 171.71 49.63 11.000009 93],
[5.00 -12.36 13.75 175.13 171.41 49.47 10.800008 95],
[5.00 -14.27 13.97 176.05 171.15 49.28 10.700007 92],
[5.00 -11.21 14.41 176.97 170.78 49.25 10.400006 92],
[5.00 -12.99 14.59 177.96 170.63 49.36 10.300006 94],
[5.00 -14.82 14.29 178.87 170.26 49.43 10.100005 92],
[5.00 -17.30 14.16 179.77 169.88 49.45 9.966671 89],
[5.00 -17.21 13.81 180.65 169.45 49.53 9.666670 89],
[5.00 -19.57 13.33 181.56 169.13 49.63 9.466669 91],
[5.00 -22.02 12.97 182.44 168.69 49.70 9.366669 91],
[5.00 -25.36 12.61 183.30 168.23 49.80 9.166668 89],
[5.00 -27.31 13.10 184.13 167.71 49.91 9.000001 87],
[5.00 -28.47 12.73 184.91 167.16 50.22 8.733334 83],
[5.00 -29.45 12.32 185.74 166.68 50.43 8.633332 84],
[5.00 -30.19 12.11 186.56 166.20 50.66 8.299998 81],
[5.00 -28.49 12.57 187.35 165.70 50.95 7.933331 82],
[5.00 -28.73 12.52 188.09 165.23 51.43 7.833332 79],
[5.00 -26.23 13.03 188.83 164.72 51.83 7.333333 75],
[5.00 -23.30 13.26 189.52 164.29 52.42 7.500000 71],
[5.00 -18.69 12.60 190.22 163.90 53.02 6.333333 70],
[5.00 -12.95 12.66 191.04 163.63 53.53 5.666667 65],
[5.00 -9.21 13.04 191.79 163.42 54.18 5.166666 62],
[5.00 -9.45 12.27 192.46 163.18 54.89 3.999999 62],
[5.00 -7.81 12.02 193.17 162.76 55.42 3.333333 59],
[5.00 -7.84 10.91 193.84 162.44 56.06 2.500000 60],
[2.50 -8.56 10.45 194.58 162.03 56.58 1.500000 52],
[2.50 -11.47 9.65 195.22 161.62 57.19 1.166667 51],
[1.25 16.28 9.81 195.87 161.12 57.76 0.000000 56],
]
